0 0.32365351118873276 0.14106678648034904 0.08545527231881506 0.16813918939430367
0 0.425205620381026 0.14400922135269298 0.09160994231952979 0.18327171732171607
0 0.5258571405529997 0.14212452177193124 0.08255833547069036 0.1591076792582966
0 0.6587951960573137 0.1355656993241105 0.10671098208943475 0.159056796527177
0 0.677130440552145 0.3124851297565674 0.08471032677857437 0.14903320941796996
0 0.2966265207975693 0.3844908919485881 0.06534236023012752 0.09136533603819347
0 0.2768606265410294 0.5279054991466754 0.0655380080156146 0.09344970431041999
0 0.316284050779823 0.6317367475579028 0.06386490594746486 0.0881415679669938
0 0.26094537833353865 0.9558328104317784 0.05901440676158143 0.08833437913644315
0 0.6331825240774083 0.6773564184951888 0.06064711189504646 0.08962834591283919
0 0.6645892586128174 0.8000377337183012 0.05852696927308498 0.094437011200726
0 0.7775009178526402 0.8295114350284722 0.05243041238282398 0.11498830235201896
0 0.014103665580598041 0.7210992692397935 0.028207331161196083 0.11895848365208972