0 0.0923100146671333 0.49744853781297405 0.11154832081975144 0.23829158928981964
0 0.21540176848027787 0.6751956374283572 0.03848061947340056 0.05742122262461036
0 0.21580597674576818 0.6111709791304197 0.05481064326757387 0.06833125820895503
0 0.24628328366437274 0.5903557831909412 0.0533554910447174 0.06459887545268661
0 0.27672871744000094 0.5356613707053455 0.03783389611698201 0.07436047672753304
0 0.3218874722397077 0.4917296832520609 0.054973669410021075 0.11047214790429621
0 0.35739537359728407 0.44500482447078477 0.056734394998591675 0.10456641460842264
0 0.3875232966851506 0.48495544495441084 0.0367795447970054 0.06913193532038664
0 0.3843233245718265 0.392120442771124 0.0574579845337812 0.08921688179414394
0 0.42078838450282025 0.47022722427405417 0.0637772973528744 0.0906705333619855
0 0.43160361654459356 0.37553494114125585 0.044538465505100266 0.07568495606989079
0 0.34850285067048314 0.7478732061180002 0.055258521863847776 0.09884958355463402
0 0.4502393399703293 0.719567815789957 0.06645183637951113 0.10536793475437689
0 0.6389724151458182 0.4866264136045313 0.032231555683051694 0.06400423021329371
0 0.7344540194616236 0.5063200319303974 0.03812333292154735 0.060311687048213714
0 0.6939046668399032 0.5564772017980243 0.0360438572452485 0.0547728723005938
0 0.7133661599370913 0.680935609604491 0.035004145848730794 0.04923403407635685
0 0.6873729783996727 0.7286310801159617 0.033617863986706964 0.05354199327674458
0 0.5670044303440163 0.03297464713345781 0.035350716314236696 0.06594929426691562