0 0.24670958541113538 0.23410273170541404 0.037164770728463414 0.08280855003507576
0 0.25621537468644484 0.3420562619636757 0.05901440676158129 0.08297367107345366
0 0.4781135618410192 0.41624954211409637 0.04675696989779865 0.10039766481183715
0 0.45462140596552725 0.19458086928758972 0.04356117272818966 0.0868440878830618
0 0.4848059317254955 0.21108436982252518 0.04546052942291945 0.10513978390202178
0 0.5351644523942272 0.1575588503427769 0.05908163382935061 0.08471487184858181
0 0.5224200051186125 0.09037344975854243 0.05556058291482158 0.09171273406326433
0 0.6496028338161166 0.054294707609198016 0.06014619113850006 0.08153813503172404
0 0.6779855970337584 0.10675042273854106 0.06051726137002289 0.08353827931535993
0 0.6481937322572505 0.1588263766042997 0.05503421061404046 0.08946059699225153
0 0.7074262412630243 0.15939360615007114 0.0550342140956136 0.09059505608379442
0 0.6219062056524759 0.512441407865181 0.0558545099734864 0.09799620885595445
0 0.7159034303623528 0.5001448555944433 0.08940558257657105 0.138263883892906
0 0.8041096231116098 0.5727993556704009 0.0497078337048561 0.07592926033106129
0 0.6587193774442743 0.6213127321400072 0.06612847470130212 0.10479375319437256
0 0.94710276372357 0.31505200260276 0.017951849506422812 0.03107402019330119