0 0.4114965176029044 0.7946620662913193 0.02722259482561651 0.05212315264080969
0 0.4480864930890829 0.8028455262354689 0.02872900246153315 0.0522013574261313
0 0.4361874529301873 0.6633584262279347 0.019449282971646054 0.04272809455856663
0 0.32494401799364386 0.6326112014426741 0.020758363426276127 0.03796822389534049
0 0.35239068615323305 0.6371231357044924 0.019324605245512938 0.03210141839952041
0 0.4441070538743228 0.44922556951669523 0.041709182567327474 0.067419580789982
0 0.468671508526013 0.48757456059318194 0.02655574690231749 0.05368685348985486
0 0.32267265549575375 0.45729662519122927 0.03335074830131857 0.06647765766126995
0 0.2878023142829005 0.4398320662301938 0.037948991377872054 0.05860789962833246
0 0.31579637731144167 0.415866890270187 0.04342754644995095 0.06809905264397847
0 0.4849560870249572 0.3569883889766593 0.037105478798610925 0.0580453837443386
0 0.619444331658277 0.24831668144855154 0.05024699341230643 0.08530318307637869
0 0.8210149075377984 0.2035421226455549 0.046241423104997126 0.08067682435891532
0 0.41943196447574455 0.03185929994971327 0.02445305330967562 0.04271020893622195
0 0.3214788914250094 0.029617036068362655 0.02587178209666302 0.04058373953390057
0 0.3015659169043232 0.046627383791839186 0.02692776850493961 0.04299465890195836
0 0.2778120737593216 0.07116541920003236 0.022715947373820544 0.041998364879439705
0 0.2780303168529036 0.10747051424059417 0.023820783600372097 0.03776144458029908
0 0.30564624762224385 0.13789686848028554 0.030623743952684968 0.052906196434102215
0 0.29986464176333627 0.19266870081052212 0.0227792323862423 0.046477090041204344
0 0.3214370313069708 0.19447688522716994 0.022930091697920596 0.040717677227950194
0 0.33917411523742663 0.1486611626258827 0.030246598550836334 0.05076316778233028