0 0.03864845699060378 0.6726053385154671 0.03752203858667069 0.08087033607240601
0 0.08433366807793521 0.6756570419890456 0.032079909017767014 0.05442218756203876
0 0.34670575971981776 0.6506202731631775 0.07278090830477207 0.12985475548574432
0 0.9727959160508769 0.6886597722806063 0.04262880185638762 0.08492872756300895
0 0.892910194215891 0.596653666405091 0.04366853969453699 0.07938988933877211
0 0.4161364948027436 0.20950981604009883 0.03673702461789202 0.08554412012169987
0 0.47297491049874296 0.16489147265840046 0.03950961478357101 0.10216063479441062
0 0.536224998793944 0.161198917755012 0.04470827753268636 0.08985210279870451
0 0.5968757424937717 0.15873721839885588 0.0384698769454217 0.08123616092131221
0 0.711735700505048 0.1835087108318012 0.03673702461789208 0.08123616092131222
0 0.8624961666428921 0.284746186358325 0.07070148551173672 0.13600900974528915
0 0.9673797378949882 0.1099618705011186 0.04153200809278379 0.09358581895167009