0 0.9671387333644978 0.871883176421064 0.06572253327100419 0.1520769703481566
0 0.8777080074302044 0.8784952135486559 0.08163187797547122 0.16021485921253786
0 0.7926389955652332 0.8385686465895015 0.08277759291408704 0.08544791068503133
0 0.72618778043151 0.8355169528170516 0.03809488512963122 0.06306870660685449
0 0.6806457809799187 0.8543358329423438 0.033512025375168064 0.09155135643670331
0 0.6349421653363329 0.8527578409404265 0.04505484799819226 0.06277342161929522
0 0.5554030271876687 0.870912883963098 0.04956031693303253 0.07815903379153988
0 0.48296868934840254 0.8552195402965826 0.080058993846923 0.10216063479441062
0 0.39961722319590987 0.8499884100899995 0.06307677662081657 0.08431328805108462
0 0.32804933135163217 0.8435264478128011 0.05302608769217082 0.08369787201577672
0 0.1591640702252728 0.40721285492358794 0.20338701959203231 0.30531109078823415
0 0.358417800718269 0.40841038677690067 0.15165084081568153 0.2780131648974999
0 0.5707123915565978 0.3096363154842287 0.24620244508754435 0.4884310053269353
0 0.7839529228019777 0.39304093239695426 0.16592521394026327 0.30725314762692646
0 0.9260295524948334 0.41872043219548605 0.10605007792576282 0.24147752402603784