0 0.19240164070685367 0.2628833588514925 0.10466588030150203 0.24124675993116323
0 0.33675044085590344 0.24195891432416528 0.15076042647539628 0.2843265749629008
0 0.5118194844749712 0.24853967033730232 0.1479091552302974 0.2703192266935616
0 0.667684541842661 0.3117905774413347 0.14764126584421144 0.1932435696637305
0 0.8224306079962704 0.3059440311994439 0.1459083606334186 0.20001323995858278
0 0.9586751837893396 0.30434267607960896 0.08264963242132084 0.1933600425483214
0 0.04720773390072897 0.8236591141759991 0.047260560933167564 0.11545639284941189
0 0.21133078151880702 0.8251849853150459 0.0799133383465899 0.1490252474723207
0 0.29688315990079855 0.8422456056989672 0.058232677493198604 0.09962246817275622
0 0.37121269232764215 0.8260621998704489 0.04971082533373461 0.12526368691871803
0 0.4292345622593615 0.8213576331073029 0.030558135002699605 0.08756736450253111
0 0.4892190663910282 0.8229367200151485 0.07388926599744089 0.1234556395951415
0 0.5703378994274633 0.8212383726631474 0.0717983490796098 0.12367321984845947
0 0.6652871431942207 0.8435028410859486 0.07243577044569427 0.12820614183481427
0 0.7398533902249058 0.819963346072195 0.03598116158892217 0.09794106994498741
0 0.7890907863509572 0.8462351011798215 0.04450303180855286 0.10676838658827081
0 0.9123667450477939 0.8258428419523667 0.046160052095610804 0.11685672784987777
0 0.983465159545599 0.8319378824667752 0.033069680908802135 0.13493168664088384