0 0.11304224796031248 0.593371620083534 0.06122578318441156 0.13180502529486227
0 0.2057196191664501 0.5773613944740633 0.09141928656908463 0.19510122115447598
0 0.1815976184104015 0.3010865200993399 0.07548383044867343 0.1310603471231615
0 0.2354846958567476 0.36214875246027056 0.06583869353231814 0.15340020936253407
0 0.21954920774211828 0.1927383316915498 0.07506448223391318 0.13329435323169617
0 0.2619109678433405 0.1018957607357721 0.07590006893595705 0.1347781776746735
0 0.33763776476736035 0.10835772301297057 0.07278090830477213 0.12554679628535662
0 0.4830263093649673 0.18836304012535882 0.07590012181922023 0.13047019499766896
0 0.437971744000757 0.28495324833682045 0.07451316892270626 0.13533044046917414
0 0.41045504476477157 0.37839705938201157 0.08277759291408698 0.1276632649504985
0 0.39347597281061664 0.49181368467864495 0.07246618031924007 0.12918913608954524
0 0.4723867860016359 0.37864605003215945 0.050984129020494984 0.12257706015743836
0 0.48599212085024274 0.49028782324072684 0.07590332513508724 0.12410293129648514
0 0.534827998850204 0.4592620904166056 0.05155697556345551 0.12512017225509714
0 0.5192083706175861 0.34961639456118176 0.07551313253630138 0.1328299468736735
0 0.5826488596961329 0.3210327369341256 0.049000663462043015 0.1160160287359932
0 0.5542399324041507 0.19584398273106704 0.04597442353334158 0.06947933997152372
0 0.6098983392117157 0.2151245035488046 0.056343129279278314 0.08858614521156033
0 0.7317973996708456 0.2280769119901449 0.044213683018940464 0.0642683894736594
0 0.7851081673850395 0.2417990842849473 0.04910457913950883 0.06253140597437129
0 0.7880427050573805 0.31753156220348167 0.04714822069128144 0.07156371486981644
0 0.6971181765999057 0.31878738344909474 0.04994753993757606 0.12021950827041322
0 0.7094362958311067 0.469152285900295 0.07629797948086481 0.1306211670977439
0 0.7396620278858863 0.38473488054622096 0.04284423807551352 0.06808975449730642
0 0.788864445843969 0.3904669280816915 0.049691522495969975 0.07052152742067008
0 0.8552314160044112 0.3834136480055925 0.08051607301423103 0.1377623086356301
0 0.8381674866745488 0.3122525181493819 0.04753488215329149 0.0689054671495325
0 0.8606870363553726 0.25372052496617076 0.058198171051450975 0.0923627569771924
0 0.8882400588602617 0.29401891834687854 0.04483578547742717 0.06392835389104129
0 0.9340697341703871 0.27450704479385946 0.045498389933047 0.06686985018528196