0 0.04290608672214507 0.11211941495791919 0.06202451360853352 0.10056160027161481
0 0.043510071012830644 0.23813932814799732 0.060226694165412195 0.10056166116242571
0 0.2927830050885659 0.10703555594779503 0.039373796417438156 0.06332126734733015
0 0.2964975120457251 0.17101643503180225 0.03640212283705713 0.05936369757372767
0 0.4265052555462952 0.22906095945540572 0.054231824246074756 0.09893949595621276
0 0.5204822928981973 0.2640195511659963 0.057946331203234 0.10553546235329353
0 0.763411025224854 0.06745975756530992 0.06983268545148935 0.10289706572981527
0 0.7324644260542674 0.132961372488288 0.0655028227626212 0.09723721260548134
0 0.7659089915874058 0.18650337750334098 0.06862203627706942 0.09477552498763364
0 0.7333308654388482 0.23727598688289236 0.06584941966975888 0.09539096449955828
0 0.767988440822073 0.2886640005594431 0.07070145907010494 0.0984680916293306
0 0.7367966229771706 0.3452831561808851 0.0568384289168149 0.09600635705824895
0 0.7699510602547459 0.3966550840150075 0.06723567509015083 0.0947755249876337