0 0.04791746875836596 0.1620873380430911 0.06342336030713824 0.11816168647857977
0 0.19315984599411137 0.07088108804470077 0.056139813465223676 0.07222384613097643
0 0.19716982642657166 0.19015213448890766 0.04869269914326352 0.07476690972299144
0 0.19688340315509145 0.3038283896146991 0.048119852600303104 0.07120659547123565
0 0.3484036301537857 0.20693654239810455 0.05155697556345551 0.07374968816663699
0 0.3481172068823055 0.2875525924836795 0.050984129020495095 0.06815489199765717
0 0.5052269058730835 0.2028951833199783 0.07590332513508735 0.11850811572524791
0 0.5072166293446708 0.3626525271920994 0.07475761019647154 0.11952537608611752
0 0.6636259884703634 0.03644408338651611 0.056612840842287016 0.07288816677303223
0 0.8210251338931918 0.1960352444877816 0.03929522022320442 0.06809637166460566
0 0.8195963014073286 0.2764778765614657 0.039240600068247034 0.07324105798620234