0 0.14115622408044262 0.8900405150949972 0.06290319204056109 0.1176564809113596
0 0.25081746193666443 0.7645651406333209 0.0691935112446172 0.1422302924461315
0 0.3510432209868021 0.6413237154670437 0.07422575381017488 0.11914578044162594
0 0.1359142914103959 0.5754211886163287 0.06080641897254238 0.11542247480282508
0 0.14157560428942076 0.7299383868298462 0.07548383044867331 0.12063510837845981
0 0.13273567869842362 0.4178638025181127 0.06530550019510745 0.11698226398845857
0 0.27748410533046114 0.10787707532137905 0.06966172123195555 0.13170105054490122
0 0.5806225360346617 0.09073216806073456 0.06792886890442584 0.11262284825434282
0 0.666573320340896 0.08796274894861611 0.06515622585548364 0.1156999753841151
0 0.6773013605987523 0.40974234522110387 0.07799995173145202 0.11393317527255897
0 0.6736609873661352 0.7264304592607691 0.07217977890045468 0.12257706015743841
0 0.6903190002076524 0.85834751862944 0.07799995173145224 0.12212440790872592
0 0.9634898297446977 0.08953023790205897 0.07302034051060469 0.15563415865793345