0 0.023422751324710438 0.04770549313481143 0.04496914198228344 0.07629277116090946
0 0.07440686941885806 0.1265413715428153 0.06673763840520347 0.11291331955626809
0 0.12725276609349567 0.21097204126923463 0.052129843959110786 0.07731002182065022
0 0.19212048140144106 0.3517960540436708 0.04782743816387125 0.0732356116026106
0 0.258939577504132 0.5269371855681305 0.06244121284856813 0.09460302110576685
0 0.330260064737451 0.4361487452986931 0.06530548926876001 0.08799100338043264
0 0.39714090385204714 0.35273530682975696 0.06444621945431928 0.09918061512064968
0 0.46490079063283374 0.2650595083495325 0.0634404529582136 0.09079515152947276
0 0.336714676622914 0.7153592026469029 0.04402960260086958 0.06851672923904872
0 0.4071383458457044 0.6266657828671393 0.04426629914454455 0.07272019273846686
0 0.5430180352714347 0.4461135946452596 0.04210485463574398 0.06561178960112712
0 0.47685323248284406 0.5379192419193586 0.05241626723059101 0.07425831834707175
0 0.8975242004905626 0.619896783811676 0.03396768530884131 0.07595541230628244
0 0.8165887792615715 0.5387287237264751 0.041516081151395934 0.08489140833385334
0 0.7427823736661565 0.47580485274942785 0.04067738472187565 0.08414670175558481
0 0.6652017541523556 0.4184659544338657 0.03816126343909676 0.07818941841481702
0 0.17171082970864332 0.048891499709010716 0.06448039226854 0.09778299941802143