0 0.029570593532464644 0.28542009115451383 0.033258093619864114 0.056973090581767194
0 0.045612734300511555 0.24807493929375368 0.03951843468385928 0.06357359342351765
0 0.10352094138287356 0.2815987161917676 0.08607977172200124 0.16327645555914688
0 0.1851277720465785 0.2809845892787723 0.06690746042195675 0.12818938754831422
0 0.2465574265746242 0.2238378261887345 0.05203913173768018 0.10491379938136106
0 0.3132692541369243 0.2589248975126003 0.052430412382823866 0.09171274731539666
0 0.5027781420085302 0.1556432311921086 0.037170810516318764 0.10491378612922865
0 0.596976804275841 0.1408788681351267 0.03775772402111899 0.10387161855828088
0 0.6486246553683773 0.13705750642451275 0.0385402554597456 0.10109244098378023
0 0.7516821388191726 0.1307574662876442 0.04607974226589229 0.08613183393691565
0 0.8073011986177271 0.12013454612581723 0.04607974226589229 0.10048714506918277
0 0.8571440632573198 0.11156805437157377 0.05301731096179374 0.11012476313135787
0 0.9670739335094987 0.08664919315796653 0.05255143670016704 0.10550734593494501