0 0.16556281182680171 0.9372022140070326 0.025510018780386418 0.0449067322139266
0 0.0730874359878423 0.7418958349101434 0.023638244724937557 0.040030375128061624
0 0.09567156279290653 0.7915969959971103 0.021904163705613905 0.03776144458029884
0 0.12608227765970859 0.5130572047759699 0.047569869323569755 0.093487905403208
0 0.1635854683275113 0.5208148874067318 0.040431434810297706 0.08054695407517098
0 0.15530690499062177 0.5803262065237493 0.04979845090712856 0.09474501733060714
0 0.2692609935658329 0.7432802328867294 0.04207495323819868 0.08079289424431091
0 0.2821472490405709 0.8209487033360421 0.030921226715265426 0.054319487440888214
0 0.35963374583016394 0.7183374595860993 0.035594269503195664 0.07438843625139335
0 0.54145151620354 0.8089859232086244 0.07830320479082908 0.11294477112186385
0 0.27263763505198624 0.31741834737262165 0.03303878443385527 0.05834385550776272
0 0.25263480870383404 0.2813555279148178 0.03513792579618252 0.0583438709636086
0 0.3069235320528514 0.3051660030968927 0.03944880651687066 0.07942626349817783
0 0.28197229291016224 0.23411856218838145 0.03901798631181835 0.07972571972702466
0 0.27147652692577484 0.17452615481012945 0.0320348380268311 0.05477841132384112
0 0.2876764848146249 0.13830433350343652 0.031761040158398646 0.0585059316905632
0 0.3268796242239274 0.1457328624499601 0.03139596937067579 0.0593162600546894
0 0.35439534272885903 0.15644348828656962 0.03148723532681996 0.06369205733209075
0 0.4471875234225602 0.2980443545836152 0.03586807085320115 0.06450239187855539