0 0.17191834433783476 0.19017961338332076 0.04543300657401636 0.07148942654853158
0 0.24063374947118293 0.19290712364843557 0.02926467595440499 0.04478854926630449
0 0.208386446989377 0.25362429457956837 0.02485541266686725 0.05128245352692523
0 0.1935915584971941 0.3286564138899678 0.06107330691979762 0.10634802901382745
0 0.315570946811881 0.15928354412342144 0.04574798892920412 0.08985210279870444
0 0.30985245480613843 0.2811377855053896 0.04956031693303248 0.08862124725147219
0 0.22650098865364593 0.3682204809302841 0.05822473722047031 0.09908348418802138
0 0.3050003889641606 0.4032997349050117 0.05926444861698804 0.1015451952824859
0 0.18506834420951446 0.4615486943721559 0.06084275968053343 0.10074504295870945
0 0.22175006511377637 0.4818714026390398 0.05086531965390986 0.0844173954149749
0 0.16057975667714958 0.6099885629241666 0.058367671069705446 0.10709057800445276
0 0.29831494532117964 0.5262789508990249 0.057235892860515614 0.09732896577737726
0 0.4540978416817193 0.6782005239643578 0.04268439530286544 0.09847739461076122
0 0.7612947873221114 0.4814930065322396 0.031528876803977535 0.05545105860560495
0 0.6766967975053981 0.29367033861884917 0.037995576956086574 0.07148943750076059
0 0.6766631115065762 0.2305235064691775 0.044362915105658596 0.07782749002904282
0 0.7172177566909095 0.20821928488920735 0.03353942614241823 0.06311619855534173
0 0.7110389907155689 0.13733204470653443 0.03326371572807063 0.05839772874986132
0 0.7480458493849738 0.13671543735665087 0.03130470341453162 0.06288171660328784
0 0.7983586688950287 0.16483118769720662 0.03432514184437396 0.06853553905567886