0 0.12343378723153994 0.4367481030857653 0.04365449267295057 0.07579602919760636
0 0.19457443579010114 0.40574064232086415 0.0721107520963751 0.11541666514202725
0 0.34985124228955305 0.6094943713210803 0.05301731096179374 0.10734557230472463
0 0.43012556627901977 0.4984714689404244 0.05125658537322314 0.09761846735913787
0 0.4927715753131283 0.39771441515243006 0.05799247945209379 0.09277607039789904
0 0.5186010109024329 0.8453898250460856 0.03527652188363062 0.05267592616496819
0 0.5516852341691809 0.029965860457867356 0.03598116158892217 0.05044174639553991
0 0.5862460900748869 0.15564988490727588 0.03314055022248963 0.04707895795750325
0 0.6041183225975104 0.21365791531027437 0.03432414130186434 0.050441754413040885
0 0.6761990211374421 0.17141293316135114 0.05207802555265029 0.091215493068914
0 0.6981044100926941 0.04265109136243153 0.036211890539338154 0.05243864179554969