0 0.026132502107293606 0.5306844871418582 0.045167079279871444 0.07883189796158274
0 0.10368271205937524 0.29315721896508024 0.03581102699658578 0.07569198501311569
0 0.23994411278836678 0.3191228730512955 0.045832758290393405 0.07047184655506061
0 0.31039128498480917 0.518426730974451 0.04823798542279972 0.091826946497435
0 0.36581725017569233 0.6988267029399413 0.04203766577871815 0.060292272803611935
0 0.446272192722007 0.5238555578839572 0.04812641484122554 0.0830278033146914
0 0.6518798738109648 0.5252051586440046 0.06012643044426469 0.08238819246063273
0 0.8580229231078542 0.5392813342185745 0.0643873655540802 0.11769744299876411
0 0.9727129005052729 0.5619801221009427 0.045686622887927575 0.07314055031291011
0 0.8668356055226473 0.3585981665024708 0.03427685597939312 0.06919257983399302
0 0.9790232749232648 0.3704286353209738 0.038642312647962695 0.07091521213183977
0 0.5391628587304483 0.09649395229853258 0.08627541204457329 0.1549389294617115