0 0.03627072556078859 0.5738686018998524 0.036702111740063464 0.07091521213183971
0 0.09358745575699215 0.5777445355222366 0.040420826549028316 0.083260772805685
0 0.28560394017831636 0.4017282432718229 0.028728992266890574 0.051252256154350084
0 0.39779626581757843 0.5930515417716942 0.041301925940463335 0.06941914647491765
0 0.5488817246358838 0.6061711237307299 0.0388843549362583 0.07355647094571538
0 0.38665384555347676 0.15089100679068296 0.04863885916019495 0.08565769771612566
0 0.4513274834492101 0.1535010714939739 0.04917334898118608 0.08708136772674377
0 0.5684221574592843 0.15637395523614347 0.038430670859119 0.07843970917786725
0 0.6626350197516414 0.143678168257351 0.04882843422311334 0.08659065734876831
0 0.7218476692776322 0.16616792161118704 0.03732634133357382 0.07824360543526829
0 0.8382709738830945 0.16260906158614952 0.04890610661935113 0.08779321630926262
0 0.9680356236434967 0.18701581705332038 0.048104359144561126 0.08708138130395363
0 0.8140632481256349 0.434765762309428 0.04672647795776841 0.07723153785876385