0 0.19786651633548946 0.34133057838744973 0.06158194303412742 0.1210512084206492
0 0.2710487876124723 0.3385331706018311 0.06301408124422339 0.12155983860108399
0 0.4167295824315036 0.33064352938267383 0.061546736127480794 0.11727707740681986
0 0.4890373385061765 0.498413456269445 0.05255145476033357 0.09499863106389284
0 0.1961915932387155 0.6251513560667805 0.06769000678641382 0.13652690701968384
0 0.26916375813355325 0.6195930075438454 0.06612490659458456 0.1379164858678349
0 0.3419244112672311 0.6080575760358007 0.06273312157054622 0.12948485811371946
0 0.4162000212892628 0.5880038115024124 0.060954607669480465 0.1099616555640267
0 0.5726088427724155 0.5799084830839374 0.03489681132215483 0.06804644271850391
0 0.6543839483779583 0.5947953110459431 0.03462753856329104 0.0840700305202351
0 0.6946849294262747 0.5901054476465857 0.03697516273083168 0.07399549441924635