0 0.0409423654602869 0.33628066758151276 0.06699126231667082 0.12106020738429779
0 0.07561435569906721 0.2010609825377716 0.0772761587049785 0.12541020997381372
0 0.10718508940826454 0.060150089274778426 0.06540913612696053 0.12030017854955685
0 0.136747849979808 0.38278037369589635 0.0674646824942708 0.1479624828185872
0 0.24550032679449263 0.448507277075862 0.07290920868346082 0.11727708542432103
0 0.46825217786589046 0.47604006481931316 0.06770142418836245 0.12190090649818247
0 0.28463761755636896 0.1908121864238882 0.04113609122287093 0.06323440018958235
0 0.2597717696215635 0.2965662013785917 0.07490450124470341 0.11338573641617133
0 0.3245457384912619 0.1084984929780483 0.09393764254901232 0.15154444769763467
0 0.4169483830485937 0.1319388144869118 0.06508097315226213 0.11774674387395276
0 0.4955366546304012 0.20553053460683846 0.0749044544024266 0.13846146691394
0 0.5910092249076786 0.45138140466956234 0.04604783184795325 0.07195633192584622
0 0.6155680685599203 0.05997304278383127 0.07674638641325549 0.11994608556766254
0 0.3769806282661244 0.5513835282846169 0.06654253415913924 0.10954574460118793
0 0.752841920064954 0.39829500769408066 0.07475761019647176 0.13122357920225475