0 0.08916448922300609 0.20351843667815583 0.05949946161435262 0.1099616391356831
0 0.14583448681119804 0.20036027107663662 0.03282170375653662 0.06861835994118651
0 0.1854468968292458 0.19705854913288717 0.03476192316762167 0.06833125273284057
0 0.22352855480372366 0.19015363945352542 0.03340580496150064 0.07853932956008844
0 0.2636823415426258 0.19240777986555696 0.03460841597904318 0.06738721311293266
0 0.3019653909701128 0.1852894207609932 0.0344747744088405 0.07640383812137105
0 0.3401405450284751 0.1888717042762042 0.033902913064091045 0.06510494642426315
0 0.2541836786776142 0.4861510342798455 0.05908201916613229 0.13027376907267318
0 0.40844589683962335 0.47052053019490203 0.05988971584042291 0.11181258127157695
0 0.5993192602041654 0.46454796860050085 0.06014980482403143 0.12461154207466246
0 0.7543684215396762 0.45428247233877567 0.06301408124422336 0.12613739381145173
0 0.8311310274155514 0.44360148592842896 0.06014978297133655 0.11596503273097553
0 0.8892758365601792 0.44639887916235443 0.03608990037657478 0.08087035547466365
0 0.9273707216898104 0.44258424011925257 0.03608990037657478 0.07832726277926239
0 0.5696475575413166 0.17388875640497461 0.0326671210148064 0.06179115236297544
0 0.6075224720813048 0.16674284600696107 0.03314055022248974 0.07524229008012012
0 0.6487114452555753 0.1688445857741711 0.035034303173555825 0.06683533101127992
0 0.6877699689351049 0.16737336633362387 0.03314055022248974 0.06557429035795426
0 0.726451716169817 0.16280937046923594 0.03508527251037363 0.06488598813714727
0 0.7649323479786749 0.16036896741246712 0.03411516280483107 0.06574730428607062
0 0.8426026845589774 0.1547262312884699 0.03423421529190096 0.06686985018528199
0 0.9016878729871387 0.15229584959612588 0.05852936424426747 0.10852610857006802