0 0.01376529464630952 0.3740632168869399 0.02753058929261904 0.06517308986937859
0 0.16399857622628902 0.4129426500935955 0.06557093857328788 0.12820612579981217
0 0.22685788911141258 0.4337231579585702 0.03541009985357854 0.06531057692280584
0 0.25551853590019347 0.38213474339146747 0.03404063998432111 0.07677467199374693
0 0.32731689990563373 0.41531112557744354 0.06495110943664467 0.12923156837139443
0 0.40864585806563936 0.4205292198505774 0.060842744754702915 0.13027377569873944
0 0.4882696558639888 0.4180974403011476 0.06397293021253103 0.1261049993978891
0 0.1493244142301068 0.776359626193044 0.05829948772750582 0.10942996708121622
0 0.20556971961664178 0.7765333285186126 0.034627538563291066 0.0680897412451742
0 0.24518598565615993 0.7768807199176172 0.03443190570363447 0.06739495844716492
0 0.28362843961190776 0.7723645588438284 0.03423627284397779 0.07712206339275163
0 0.32358944711531723 0.7775288918410781 0.034761910832164455 0.06718283485168575
0 0.36166586449095617 0.7725045430755966 0.03266003525288935 0.07837996121603297
0 0.40055069839757573 0.7796821931656156 0.032821691421079324 0.06402466103599491
0 0.6319442127482788 0.7815130157486041 0.03379181346207927 0.0657473152382998
0 0.6706673596480651 0.7749095773372197 0.03427686831485044 0.07665733439430089
0 0.7097947209810704 0.7819436738230656 0.034600242328517106 0.06546020255383922
0 0.7487523804260491 0.7840588129355471 0.03357161926164709 0.06569324269087429
0 0.7878456473154221 0.7833724685379331 0.03555941577777455 0.06432055389564628
0 0.8261658826943767 0.7838627166735411 0.03312988576635567 0.06334005762443029
0 0.9038332525267117 0.7831746921429411 0.03434464655938252 0.06608545765666518
0 0.9640290425657274 0.7853658738031795 0.058927466315341404 0.10754338555195597