0 0.04336351819691331 0.16188655023528437 0.03353942614241816 0.06477714840964172
0 0.13804675968509628 0.14716747629522886 0.05609993484247633 0.10550139354641871
0 0.2915755632479584 0.1514083714720676 0.05626578315497316 0.10565505839106648
0 0.37924229251390223 0.11684684559801461 0.030396454163594933 0.05914385492245716
0 0.45838627213044547 0.1200050194137056 0.03055813500269955 0.07464758941199359
0 0.5152084875641816 0.16851496878263433 0.03279859196391166 0.06392835389104132
0 0.5412908498010616 0.11483840827060257 0.030148199417529886 0.06177127256719635
0 0.14075126355623047 0.4976483008984224 0.03152824470824213 0.054837274177840456
0 0.19661283844571328 0.4966434284072687 0.05497232410667863 0.1033582007242988
0 0.3456070040107523 0.7799058105922578 0.06079292066264719 0.12517827189298825
0 0.7362269594712942 0.5015445557058249 0.032737688862270686 0.06406531340433264
0 0.9039244003325806 0.49988277719186275 0.06103837761435982 0.12158885157623278
0 0.8109410816108145 0.7767958710382046 0.03220320413860078 0.062404359024296086
0 0.9227944214440682 0.7857484727360473 0.03213599593365757 0.07549820540303354