0 0.03508020089125729 0.39957163161026316 0.07016040178251458 0.13666250546568104
0 0.1309212002519164 0.4008562162466427 0.07405095917200274 0.1363754092095641
0 0.3251014434970654 0.40797874670643614 0.07953731692194183 0.15678979946187022
0 0.5342573306040259 0.32801960324585594 0.043816173512055245 0.08354788549014558
0 0.6640051310782733 0.4084614587752351 0.07434162103263764 0.1379164924939012
0 0.7368506333938705 0.41520425445451037 0.04543189474764098 0.09087783164844404
0 0.9793803047860548 0.4131754630241986 0.0412393904278906 0.08233579348178899
0 0.785339195861635 0.04876850075726294 0.04249218798888599 0.08114938973764296
0 0.7360990413873114 0.04912441825991748 0.04235855661332588 0.08233579348178902
0 0.105555791833564 0.0416288949206833 0.04494796405670255 0.0812510278233781
0 0.33218895552265704 0.8832636281866304 0.04882836587250067 0.0778057522754555