0 0.1955505196732542 0.40745669741371937 0.09610760106327002 0.17024093717901478
0 0.5216834404730475 0.4174332662070656 0.09057940212325627 0.16814000140587415
0 0.4356725461040494 0.8475918334503924 0.09632946805637782 0.1752562842966876
0 0.5900191922806973 0.843248666210384 0.08850614575447091 0.14241321034472887
0 0.6673546665522281 0.8727485375965872 0.09366183019919949 0.17191306232867465
0 0.8456547622888693 0.4806723433391798 0.0998950979353187 0.16099326296128835
0 0.9408646251411232 0.26188732274933313 0.09326696260658762 0.19672283900385887
0 0.8261746522587465 0.22174409640262183 0.040005373064812555 0.08953411087614704
0 0.6846249825415047 0.036226943099000694 0.0548106432675739 0.07245388619800139
0 0.7263392743065562 0.064558473563232 0.05578074063765903 0.10651637453998972
0 0.7903585701847793 0.07733543553222416 0.09042635124015519 0.15467087106444832
0 0.847788747165372 0.12051070478190104 0.06186754467191369 0.09586070384002689