0 0.04418268367502422 0.26454673150929653 0.028728997364211875 0.06074340464425948
0 0.16064968582558434 0.2575699946663911 0.027809523731548547 0.058569651457994226
0 0.17328808282030722 0.5140731258243664 0.04219934045009413 0.06603441697053108
0 0.28639885744118576 0.401972777794271 0.040300981048316364 0.0663527776240847
0 0.4091474510688931 0.2923986913288879 0.03006522446535065 0.055048715550313876
0 0.4064903316141878 0.36116345887481127 0.04069224676762967 0.06704756042209398
0 0.4054143359602458 0.4461019612664918 0.032279914395750564 0.06044703107607868
0 0.5342355684273101 0.21846855811805552 0.0515769648081944 0.0729249680663761
0 0.5378682911496313 0.3708964035194177 0.0351429007027132 0.05054041209756799
0 0.6536187301100069 0.2779363721038469 0.04008696595380101 0.06762450653382454
0 0.6591705225462471 0.3563463956431192 0.02993229022820998 0.05558348522935164
0 0.8549605175000794 0.2772408739153391 0.04930024185082649 0.08233302051668248
0 0.9165926748122013 0.17474328347902063 0.015366680476932904 0.037964630165530644
0 0.9194622772171622 0.21989793246510514 0.014406739125049972 0.03964616545676203
0 0.908772771432242 0.27729591859675895 0.05556059784065226 0.07225852417209094
0 0.8764318309789949 0.35089667902729904 0.04969150757013974 0.08094344166853151
0 0.9355610623195425 0.3482779849345208 0.04139093625457124 0.07493470209645442
0 0.9061823010130978 0.4002690482922261 0.0420749616635645 0.0743216203504048
0 0.8822076328517121 0.44081479488450853 0.041714297932780364 0.07292495711414737
0 0.9428937328024356 0.46726352356881845 0.05125660029905399 0.08372261261696601