0 0.053983686221036886 0.1406524463093429 0.04440933080442757 0.09101793138705631
0 0.5303684965138898 0.12163100145352862 0.09423467674215996 0.17801647897696043
0 0.636886730568424 0.12692842847538238 0.05304842439564861 0.10511457701199103
0 0.9574763295820075 0.1301953386485714 0.08504734083598497 0.1525863038924483
0 0.04300597316437602 0.3221736344663615 0.04656133703814201 0.07816425746796435
0 0.04170422965821471 0.6310710877939907 0.08340845931642941 0.16729849829792054
0 0.14379816943177673 0.6362615360166349 0.09658103027095337 0.1685595389512462
0 0.2509131576001393 0.624912126040449 0.09634430663702845 0.1988245707535683
0 0.3559795116189355 0.636743378858049 0.09530833230386837 0.17478083036171366
0 0.46289815282948954 0.6284351449983105 0.09357545353470714 0.19508988819950457
0 0.8530073628300288 0.5352567058772638 0.05267953044748086 0.10769944954203076
0 0.9172971625217478 0.5352567176155723 0.055105523706022286 0.10646859399479852