0 0.02830358085687309 0.27041602798489556 0.02954100958306615 0.05836265617778583
0 0.032118485054956986 0.34406412437907097 0.030519196270095035 0.06044701782394618
0 0.14167456188714347 0.26051522071374017 0.0297366573685533 0.05593087662835597
0 0.13688148219640353 0.33086305906097413 0.03736645830180581 0.05002513008035003
0 0.137118786506838 0.41136758066011136 0.04365449267295057 0.07235074269745484
0 0.1363912103954098 0.4778326502289896 0.03282170375653662 0.05828253877353379
0 0.2780701062308852 0.40413489406329717 0.03233681512487552 0.05647238556093187
0 0.2702446543936246 0.48920038000401267 0.042625970545735914 0.06919361927832557
0 0.4003899174292862 0.24015711463067999 0.03014819099216437 0.06098686881768994
0 0.41041027904720695 0.38636754734428674 0.05384054589748871 0.10163556842645216
0 0.40210310572957103 0.4797770416493159 0.030396454163594933 0.05684700820791849
0 0.5395396336285492 0.22679510252469037 0.04058250738813307 0.07005389050680186
0 0.5427733059202002 0.3011555874663953 0.029911411646280972 0.05684701916014767
0 0.5527061887446441 0.3758062720469607 0.04009745253536179 0.07034099771514785
0 0.5483694365010909 0.477812669788257 0.04058250738813307 0.07091521213183971
0 0.6667972860713322 0.3018259039089852 0.047375734118279 0.07412551660780559
0 0.849858177992501 0.284963022466761 0.04923737806588491 0.0828085500350759
0 0.9074990599460122 0.2832816242389922 0.05610222799845754 0.06599463189739563
0 0.8713995320250858 0.3564221745519024 0.04639676669945236 0.08364926518396226
0 0.9329462681525669 0.35432042676719133 0.03976864943088765 0.07440157493123384
0 0.9142455254864144 0.22632447975460054 0.017990580794461253 0.03867201492366512
0 0.9141271772145767 0.18660160296483136 0.0163335605074032 0.039933071611992665
0 0.903881196674108 0.40816736550145183 0.040259145709923616 0.07349916605472434
0 0.8781735485218347 0.4503719745351581 0.03928903600438127 0.0734991715308389
0 0.94599969670465 0.4486493258089679 0.04850499185883417 0.08211234397230133
0 0.8648582717701366 0.503526055326758 0.03728088037596322 0.06904816749296944