0 0.22893244835518378 0.08364944420746752 0.09426859446571881 0.15754891139200347
0 0.3529211013681436 0.07757752234186167 0.09286359940956962 0.15515504468372335
0 0.2564971293010619 0.7685074112042998 0.05613981346522365 0.11291331955626827
0 0.3186519188781498 0.7537574561089406 0.056712660008184146 0.1200339674620372
0 0.38023386191227726 0.7631669010221511 0.05327553704503174 0.116473633808024
0 0.4418157940200572 0.7494342159887902 0.057285528403839436 0.11545641225166947
0 0.5048248073409376 0.7453655230721291 0.05561905979855447 0.11455533256476036
0 0.5668761491145626 0.7374078311941387 0.05556058291482158 0.11498831560415135
0 0.6487942418348396 0.7322912160432146 0.05653876213893527 0.11880966074959987
0 0.7090500805476575 0.7286435599712022 0.05614748149379145 0.11707269050244418
0 0.8516934407967398 0.11633252790753643 0.05157219389817991 0.09804961964099997
0 0.8487449033272145 0.25350461948177605 0.06103837761435982 0.09414450036056204