0 0.1565373205581811 0.07072989779545451 0.048979133341091136 0.07069797499192967
0 0.25377950174579433 0.10150132523048719 0.06358694963987871 0.0895168648183506
0 0.2509152143992549 0.24569468785052956 0.08019973976537523 0.15105970998728713
0 0.1762679189760324 0.34180228518761696 0.05041126062483972 0.09612889224481369
0 0.25801327083420067 0.4129576306997679 0.07456623800060178 0.1282061418348141
0 0.37469596003151007 0.40914796011652216 0.06012589717865813 0.12014742196564887
0 0.4909686293399155 0.447161992585307 0.06768999932349873 0.10873516440500836
0 0.1794217387524113 0.7147882139787093 0.0733826469212272 0.1340910035620011
0 0.2900875046739394 0.7084829986858296 0.07361937958523546 0.1290468008611939
0 0.3709586085869992 0.7185180200272412 0.07278090830477224 0.13354732212744136
0 0.49208685041634903 0.7495969993426181 0.07104802953561101 0.1464712466818382
0 0.6009279270698107 0.7462253346094139 0.07312747877027814 0.1440095590639906
0 0.7080198535131177 0.739455652576253 0.07243431139763457 0.14647124668183842
0 0.9610949237208645 0.632082432997071 0.04167044091757388 0.08545959611625364
0 0.9276412047042589 0.6577897940873878 0.03854027038557617 0.07990125421938477
0 0.7271709298517538 0.49589879849486207 0.04949588963631335 0.09101793801312263
0 0.7604133022492877 0.4478278285190471 0.05223476459733689 0.09344971756255238