0 0.07297973052477107 0.1231656188999049 0.04440934573025799 0.09032313533691456
0 0.13832209821781377 0.11587029019071475 0.04362679936580097 0.08684917496440456
0 0.081673104586726 0.4451627707213702 0.04262711800097123 0.08706807187621135
0 0.13941363141790322 0.45169533725025357 0.04207495323819867 0.0849109718508842
0 0.20018135108231214 0.45865175566292915 0.04417318102180762 0.08628367934759446
0 0.2941812859838202 0.46921992022651315 0.04575639292314032 0.08728025181807048
0 0.36900722664490904 0.44507481049198394 0.07708051091949142 0.13166334129475815
0 0.5191754088044398 0.4813614385037711 0.04397786668661724 0.08728025181807048
0 0.563961685854309 0.44360699119942715 0.043331130994741285 0.09847739461076105
0 0.6452139789061123 0.44082397816019747 0.04381618584751257 0.0849834051035318
0 0.7389562879847861 0.443083753965016 0.04342754644995095 0.08565770224186225
0 0.9056743090166451 0.6513176505290794 0.051342945780212146 0.08228136397025143