0 0.05595783924686967 0.5269228463242143 0.02764784289244391 0.07263785538191536
0 0.13162562531310495 0.49347497976448707 0.030234773324490233 0.06603440601830196
0 0.16945953376554423 0.48572311799583345 0.038318938634295946 0.07809286495991602
0 0.2870981626989707 0.4235786740188025 0.028110346207462944 0.061747257511744924
0 0.24999798751153104 0.43168198857175666 0.03970128975327908 0.05850593169056323
0 0.4267382698574863 0.2674131248323744 0.03247554725540708 0.05801525152664877
0 0.4861137681647644 0.258207120237427 0.012716329913477376 0.018064631043022583
0 0.5060686183663508 0.3601680529708512 0.029149728937922448 0.06496319877593343
0 0.5365926737094386 0.1815533970011472 0.021180522980056682 0.027562193431150406
0 0.525032314849325 0.19318119786829951 0.011964554790146575 0.024404019615459405
0 0.5449193602779012 0.2228966871478728 0.031043202190928154 0.04995648996876076
0 0.7341928584715461 0.30921359958732136 0.044604963664084174 0.09101792476099002
0 0.7926879865216238 0.29132267749593344 0.03795337180660607 0.0712163234708118
0 0.851418562675709 0.28146160664033804 0.037025491921458764 0.0734991605786097
0 0.9094628597317478 0.2669627446419552 0.02700110720056803 0.07091521213183968