0 0.02693936085876011 0.18798330138095243 0.024845761247984995 0.051762100327505695
0 0.06381672208559386 0.18850439510552564 0.035605717787404685 0.06808974787124025
0 0.10079189227934071 0.17078716208757383 0.03638826415186171 0.05488867592707719
0 0.13923433877217326 0.15914937131713036 0.026019558405924847 0.03300268648647378
0 0.17034044854706867 0.15984416736727208 0.024845746322154527 0.048982929379071255
0 0.2160214004021796 0.14838007560936406 0.03756207623563204 0.0545412779020064
0 0.2685765651926091 0.14279872425861775 0.025205619386072464 0.05442218756203887
0 0.3198471174845844 0.14457888138449565 0.026924202720343515 0.05493079834021605
0 0.37183372795526026 0.13949270569482186 0.03637630179536022 0.06306870660685467
0 0.42281785697575536 0.14457888138449565 0.03351202537516823 0.07222383642984777
0 0.473945186705643 0.1372039183885092 0.022341321113185708 0.04221535426546723
0 0.3038071629757009 0.043872429078749754 0.03150704062211168 0.06103421498850188
0 0.416848368717441 0.02310599668920943 0.027809523731548602 0.04621199337841886
0 0.6380667661892372 0.14375477538427364 0.044708290753502244 0.08554414359831691
0 0.691266145724569 0.1311385471092221 0.025646611071912795 0.05908085497759845
0 0.7460251121859012 0.12713828418817977 0.03743019199053543 0.06461966972521842
0 0.8903739057245432 0.12683057617052595 0.06342334708632236 0.09231381389316923
0 0.9654075749383672 0.12344574102309978 0.061690494758792846 0.09539094102294152