0 0.02518683718098673 0.25734672043876095 0.037757716558203855 0.06426838947365943
0 0.07820415933715333 0.25369904448855 0.03619263129220507 0.0660053729729475
0 0.1316127434811756 0.25665191776255303 0.02680211969621231 0.06148921852522496
0 0.1872711428258254 0.26412095211034475 0.04225735442237408 0.08268041191568673
0 0.2425382689882466 0.25717301811319243 0.03580133572123087 0.06531057692280576
0 0.2977963458980534 0.25203300006115176 0.024855412666867194 0.06347253455574231
0 0.368220015120844 0.24846004085339451 0.036928056124621744 0.07061845297125682
0 0.44195775200800014 0.2490905691975583 0.06320377447470521 0.0920561921827984
0 0.5179442866617348 0.24740917898729045 0.061783432671155714 0.0920562082178003
0 0.5964484813318688 0.24940836259935878 0.03522576194733973 0.07297678483918238
0 0.7396580882763899 0.2311641450846374 0.03564514215631809 0.0707428071372154
0 0.8134644938718048 0.22818551761753736 0.03816123144487893 0.0737214630108832
0 0.7776096616109978 0.06771104316489393 0.051161250061969143 0.10425257208970662
0 0.6332184481422605 0.05174808737565386 0.04785825616695816 0.1007742413252997