0 0.07338167966418646 0.15634986086222885 0.06391392731631337 0.12021951628791419
0 0.07994209198834373 0.32931390980659747 0.06514674229630127 0.12054665750102006
0 0.12466039828404954 0.49305953081352405 0.08072090800131652 0.160152563847404
0 0.23852187456802232 0.41319342366829315 0.0655709566334545 0.13156891423784872
0 0.12974676959452475 0.6520122945562405 0.07790833174083864 0.12817185632641837
0 0.44614831079628015 0.34230475108518177 0.0366913234606136 0.07944576961454014
0 0.6843815296115947 0.5023704608727453 0.06988834902322316 0.10986159668043233
0 0.9004268840621827 0.05865019256039189 0.06391391828623028 0.1034055901327331
0 0.7922479500330522 0.260569452530433 0.065146727370471 0.1236732198484595
0 0.8037971645171071 0.4638525958991534 0.03728088037596333 0.07047183750358749
0 0.8848750762412683 0.4554016903754783 0.06671182009938503 0.1254102033477476
0 0.9648901397589311 0.46999236104599107 0.06671182009938514 0.1254102165998801
0 0.9508402714435042 0.23921229004113587 0.0667118350252156 0.1302737756987398