0 0.01861724521264212 0.09979338840921732 0.03268815227106451 0.06118297256028879
0 0.11461197014671604 0.5346813586159569 0.03754812273779824 0.06216707918061415
0 0.21837076065324182 0.23183648885498245 0.04538794602751706 0.07275282033198455
0 0.42236644621406205 0.12677526077984552 0.03500725101500196 0.07883190170187912
0 0.5668236634060674 0.12018809941715378 0.039535000384664176 0.07843970543757063
0 0.615173047883248 0.12304216342886379 0.0419829804357601 0.07487462770576458
0 0.6210735922673374 0.4877719036361442 0.03340580496150081 0.07165824124773357
0 0.6790211176420975 0.5827776684815187 0.052708755352841696 0.0869931610380682
0 0.8284594931331679 0.6377757613606823 0.026724643969200712 0.0486421914510593
0 0.9008006575338188 0.7032129181585864 0.054651888761301115 0.07498015000780678
0 0.9821042243195331 0.659161334308158 0.035791551360933704 0.06003157869042375
0 0.494238002666578 0.4755993567160617 0.04218538450568016 0.055299983712104206
0 0.37977261915893523 0.5574142380007271 0.040259145709923894 0.09474501733060747
0 0.3311867837966843 0.5483704020086884 0.042684389135136946 0.08239946760899108
0 0.23075660800006964 0.5663949356755484 0.03880399348706742 0.057134109940150224
0 0.2694847458941527 0.6839057895022147 0.03637874389412571 0.07522180382868593