0 0.15753725212906852 0.6325106987433613 0.01972535842174289 0.03531406067591858
0 0.14161144276811416 0.6676812030770497 0.03282170375653662 0.07235074269745478
0 0.47551752315515505 0.6188961098891592 0.054810643267573844 0.10737769068891301
0 0.2502934392677773 0.2911889805345733 0.06059985965194781 0.11643638631043635
0 0.38096188720666996 0.2823616719087909 0.06959515907926161 0.13072820710646346
0 0.34959672360324223 0.2951822892992727 0.049474110729892884 0.0672556565157193
0 0.45432832823940567 0.31021782435578515 0.07788029663488405 0.1492235395069144
0 0.5338157770510613 0.297696930015242 0.059176087600685934 0.12058457298779635
0 0.6251199964450653 0.3200816099610958 0.060954601501751804 0.1056550474388373
0 0.6803764755835835 0.3041754693283685 0.0559881311544036 0.10084354887719044
0 0.74952649185389 0.30785329106535964 0.06387189296960372 0.1124702204859735
0 0.8043627944169691 0.195738537748617 0.03527652188363073 0.07901388472171575
0 0.8466007601580123 0.20265708431151974 0.03322130938299761 0.0549404751419649
0 0.8503674747830721 0.29896990457251627 0.038541102126600335 0.07275282033198471
0 0.824302528854606 0.33224026372470467 0.02661433988056594 0.051181909845827156
0 0.8094493001061693 0.367930329493083 0.025841312582830733 0.05588829493990077