0 0.24804506256033357 0.08208753243944988 0.05024232862316852 0.1020299435698631
0 0.4881219346624576 0.07605249469147268 0.052039146663510505 0.1045664146084226
0 0.5473995941511618 0.08004756204068826 0.053212958747280825 0.09310231291141527
0 0.23517980315945258 0.30837903572029257 0.050910444722398474 0.10226721888780843
0 0.2954063720017811 0.3095178458565353 0.053355491044717374 0.10536795665883497
0 0.35619929883215695 0.30621611569861407 0.05303211703105082 0.10565504743883736
0 0.41556152837075144 0.3038043732767156 0.05356196031651195 0.10630128242867637
0 0.47456562918251455 0.30253282692901495 0.05298913562624641 0.10884437512407763
0 0.5733831547527901 0.3213517264565646 0.07475758834377666 0.14546491381830745
0 0.44384212618300023 0.6307444230811272 0.08707400754437505 0.16377515406203635
0 0.7957838435908569 0.3335923872863474 0.08379827009192409 0.15763048254075296