0 0.2609004808329514 0.21277250572134057 0.030921226715265315 0.054907783707498936
0 0.12147098883947777 0.4306025212500416 0.025254790589823037 0.04271021798769503
0 0.14545635272397822 0.3998748968995207 0.028595371085973126 0.04911674208694966
0 0.17505389795879633 0.3884855096601562 0.029263487185203135 0.04674395270160403
0 0.14111363231402355 0.45957467782740224 0.026650063056571804 0.04635096913463943
0 0.1973604068156272 0.46946860655191675 0.052380298101776024 0.08684408788306175
0 0.21973725878092681 0.5154608271053156 0.02204783127459048 0.04982858614373198
0 0.2572710048793287 0.5133919552125006 0.03915159729809317 0.0923015197620084
0 0.2575990321138028 0.5831477449119871 0.03084835970751862 0.04845782349960148
0 0.2874168563754259 0.5591785263938247 0.0422516702137265 0.09191296188641329
0 0.29311916056839404 0.6091635662759094 0.03477286545317898 0.07908835498270383
0 0.32567416058824555 0.5651124873136109 0.044725345784580206 0.09197056071288401
0 0.4598654635546058 0.5730309316184734 0.04925309515424253 0.07275282781257753
0 0.5576351247302533 0.5812313057331223 0.04128957697134339 0.09230151071053538
0 0.5193551903293915 0.5489221388262806 0.03404271691458738 0.053319806049035745
0 0.5302788560331546 0.5095929630055286 0.03495539736546738 0.05510254514242713
0 0.5062711815060039 0.4879881804303424 0.052204920713121494 0.07779182589069888
0 0.4975913269637715 0.4168742404880349 0.030483295882941908 0.054616341323379114
0 0.47512843510660796 0.3569176587709618 0.050247001837672 0.07745919794546552
0 0.4614872886885595 0.291917409158699 0.030026952175928934 0.05413013750433121
0 0.6240302441928149 0.25706715104364214 0.040881941204343186 0.056656513180238455
0 0.6654872239861737 0.10078701394053301 0.04395231006147937 0.09059786443706333
0 0.6791151373424079 0.3204480260961836 0.03313005038999961 0.04618889295183909