0 0.09513577204420533 0.543661365711365 0.06651781504882096 0.12442299582233424
0 0.12656422644892873 0.2489910204216363 0.043694799006428406 0.0685736123313421
0 0.1519391819636569 0.18857067530707666 0.05719073707462487 0.0823357934817888
0 0.24241556279144483 0.07203609242555724 0.07065561220897587 0.13206880108437483
0 0.37124261070399883 0.06190595179755398 0.043160304088115886 0.07877660487803378
0 0.4775416776863739 0.0659312355752685 0.06030787814533323 0.10508083849825998
0 0.3956413797365178 0.14813826742998473 0.06983187368310334 0.11139220766213198
0 0.3582156769846 0.19290235303499192 0.0687154174688056 0.11771350638045142
0 0.3468518113469363 0.2986318976889992 0.04476377864841091 0.07901388472171572
0 0.6535308684582399 0.17361138923847597 0.05933776843979066 0.10249687362314644
0 0.712204376411194 0.13340253842559907 0.046870177846968786 0.10214454947940747
0 0.7080617751501708 0.21489397356166073 0.05136784562079233 0.11643640234543842
0 0.751444274932825 0.19992067963400922 0.04801993700606266 0.07292495711414695
0 0.7372937383885424 0.2949353950934415 0.05131131845979353 0.10701279765849983
0 0.7875122435945832 0.31319418456184156 0.041552617093675526 0.06373757025599247