0 0.13959150991961955 0.03624396571033052 0.023250442292132995 0.05552327523767758
0 0.15248614757636603 0.09473322315395358 0.02311682111121552 0.05148953147229535
0 0.16027226562533403 0.15460575366433932 0.02198892717557996 0.05655991742791608
0 0.2613243381656335 0.08598739372315281 0.0206954681272854 0.043353029652918276
0 0.27878612783353934 0.15661549864664653 0.024252495929416917 0.05770834626129995
0 0.17268257298338516 0.2158638412234966 0.017990580794461086 0.04203478732669985
0 0.18428176917328987 0.2717701118155328 0.024618698063025662 0.05632663217522976
0 0.1963543855407945 0.3310391668368551 0.023671821587492647 0.05464523394746096
0 0.20499461306234595 0.3892573680095742 0.021067924824901774 0.055065575486902274
0 0.29175184279253985 0.2312065278943783 0.026985880221774894 0.05422489240801978
0 0.3064283739828019 0.30581828963033464 0.022724963172126245 0.05716731525411228
0 0.21732232067234908 0.446830538710739 0.022312301189246625 0.056559906475687205
0 0.47595975832008386 0.37779910588158094 0.03654042473323027 0.04306591696845791
0 0.5711103815494054 0.3615776143234086 0.05481064326757412 0.08756736997864562