0 0.0220165670461389 0.4075554570788731 0.0440331340922778 0.10676838658827054
0 0.2512870036061239 0.3476270415795734 0.04773514912191229 0.09518670106184046
0 0.419177574380465 0.34070628384057117 0.04723089600241909 0.08885540573510686
0 0.4610270617478074 0.5817249445514433 0.04529826846940216 0.07213280093509722
0 0.5970366569504604 0.5524665330173714 0.043534529542795464 0.07925041880082762
0 0.6734978920955745 0.33977272390434177 0.03955247103548831 0.0745055993719162
0 0.6734569070844045 0.24627210812373826 0.045699147304118615 0.08399673881035247
0 0.828461335439846 0.1114321792373408 0.0436947888117859 0.08209850911237065
0 0.965101597447239 0.08558484517789627 0.05379985732625092 0.08268040528962084
0 0.9670579633583816 0.19032495217278855 0.05027842107493996 0.08024864561838965
0 0.8204077500210556 0.21717856063825897 0.052332933540343296 0.08369784853916015
0 0.8193680320141299 0.3307245564221807 0.04886718922283673 0.07446646714984312
0 0.8706612475475475 0.34118679335872987 0.04332196922903109 0.08308243250385239
0 0.9266332238589663 0.3648806863439468 0.04782743816387158 0.08862127072808934
0 0.9697819078552445 0.29472217839449133 0.04886720244365239 0.07631276220900013