0 0.08022589136160987 0.27056834229041443 0.04262300245734172 0.07028076704441544
0 0.20403555041853028 0.14712647186962324 0.05175651680992013 0.07028078423030486
0 0.2479270943852404 0.13856662714618634 0.03602657112350016 0.04595281715329751
0 0.2900426686249904 0.13856662714618634 0.03805624528105245 0.05316109478343105
0 0.27126825041505637 0.19262876092985648 0.033996935678762386 0.05496317278390919
0 0.341545461647911 0.16559770263096615 0.060889992449684016 0.12524395701421404
0 0.18120180324989876 0.6161154841615507 0.04160818473497285 0.0711818232305439
0 0.6775687896910783 0.1410487460999182 0.03868019748919127 0.06977582819695535
0 0.9329807543059361 0.25661500703980455 0.030084546000174628 0.07631733938362731
0 0.7865486583979007 0.4653974592751592 0.031926478011003456 0.07086610085622541
0 0.7819438752131053 0.3759971391078373 0.034996333467533614 0.0686855555376853
0 0.6708150936340287 0.4659425748099695 0.050959572473035175 0.08067834684140868