0 0.13897067884622072 0.23361956494523917 0.09938704662350836 0.16903808168287038
0 0.25450287969318397 0.2462788097984755 0.101483835688636 0.16457012627893652
0 0.3731802481407298 0.24962979055470974 0.10316122854767668 0.16978273144800346
0 0.4880834026698895 0.25670406274646096 0.10399995697141479 0.1630807983421026
0 0.6069062983741276 0.2678210040964992 0.10050696861135189 0.1729345587791734
0 0.7230091891287465 0.27459068612966 0.09842751937668481 0.17170370323194115
0 0.16423098357829 0.691011701588607 0.10189325047337568 0.1778579574914857
0 0.28327974973134096 0.6993199471866539 0.09530833230386826 0.1624722983660074
0 0.396956607564971 0.7116284557057431 0.10016037170421443 0.17478080688509667
0 0.5142628955516051 0.7201215126532582 0.0987741030630066 0.17293455877917352
0 0.631058920626828 0.7265834749304565 0.10223984738051317 0.1735499748144812
0 0.74768165385889 0.7336608767195797 0.10258641784601907 0.17047284768470905
0 0.9661442721931596 0.7530424342893917 0.06771145561368086 0.1727630184856661