0 0.04154754535043093 0.48673989316596056 0.050894416413109114 0.09836142751943044
0 0.19553274297105377 0.4259996026690892 0.053498313175699974 0.10214454947940732
0 0.28791665184756343 0.42559830183235675 0.10441930518617512 0.20776049441428024
0 0.38478757718829304 0.3853865895706809 0.0775806035166921 0.15265550278426576
0 0.4812391223200445 0.38054629508089666 0.07506448223391332 0.15191088142570025
0 0.5831423222205497 0.41591771285278817 0.080096756793689 0.15414485912766718
0 0.13317462810281586 0.685137933000386 0.053212943821450434 0.08059603701739404
0 0.8487334074912662 0.15067551556716546 0.048126399915395024 0.09970285550956301
0 0.9196225650656771 0.35428508842899126 0.09449213394554123 0.16119207403478808
0 0.7777021125956933 0.48318909442357694 0.09776462135032793 0.15300668551939428
0 0.8739942846171599 0.4729290396020889 0.05184349887802342 0.11811487795159037