0 0.22063770233247232 0.4483339872153035 0.060436228095511635 0.10274094877466294
0 0.1152241997899856 0.5687808814168787 0.03243040641096484 0.06431323366962671
0 0.1339249334260548 0.6320432452029004 0.034324141301864286 0.06473357520906808
0 0.15285324059811117 0.7030272731673601 0.033649359339177426 0.06392099807465468
0 0.3808799380209841 0.5859924390062716 0.06129551976264719 0.09562030086889395
0 0.43873832389413137 0.5852295131378769 0.06301408124422342 0.09307718877123505
0 0.4749725444064943 0.49455626736017694 0.07074761883766373 0.17496476580225317
0 0.5354087725020059 0.5151553240136045 0.05929051315689593 0.12257706015743847
0 0.7366084068454101 0.6529168010111788 0.12412895922786382 0.18839925964200765
0 0.5311282609929234 0.4379152708722629 0.032578126148557596 0.05415743278866908
0 0.5009761677653548 0.37668045977108755 0.05822473722047039 0.10646864094803205
0 0.4692644942221935 0.2883668911914981 0.05094665167831952 0.1120073970041098
0 0.4553255750330775 0.19743150761150252 0.05586551339461587 0.1122329067760163