0 0.6744860621312635 0.11808679716094411 0.08135480143796947 0.17052740961970425
0 0.5935506409022723 0.2956884647691158 0.03606449037107806 0.0834020235838841
0 0.6455506033908708 0.3329215211571239 0.04109676493085379 0.09084863486148576
0 0.4268571659976763 0.31467733204897025 0.0348064457267977 0.09308266937658805
0 0.41427653558811856 0.397334720071005 0.02977418716413094 0.0692535076069492
0 0.3905461724274135 0.49573808212364034 0.03777676245604139 0.08800583121616451
0 0.36966728329909304 0.5900409565409777 0.03219367374695664 0.07229985119902549
0 0.4290835609017494 0.7079485622919611 0.025092145330875504 0.05170281110136821
0 0.4065953303936315 0.7150944646724737 0.017043704318928043 0.030685413429268116
0 0.547679383443054 0.6154720125347197 0.06012641238409777 0.12736544272092953
0 0.39604106048054166 0.8160600673895291 0.03848063180885791 0.08182525319229883
0 0.09859628398962661 0.5520225325933048 0.03647914309581578 0.05148953147229529
0 0.12899556650459218 0.5527343721243505 0.039819723591965825 0.06430258872227801
0 0.0863029467443301 0.50539722207641 0.041022334609508354 0.05837061525891374
0 0.1453644109357275 0.5137019849251199 0.03834986001794566 0.06406531340433258
0 0.11142087878239207 0.47232827130253874 0.057858848076533534 0.0742683059510243
0 0.13934813376913513 0.4499054120635959 0.04209132444613345 0.06406531793006925
0 0.09886029407793928 0.4368550681813266 0.03861711257442328 0.05647238556093187
0 0.16634002519749191 0.4289062273610079 0.040220597329360896 0.06572626778436924
0 0.11650359805224586 0.3893638572173238 0.054518267580383487 0.07142095687831485
0 0.11809980661135852 0.33870844415939494 0.040621450677470736 0.058845183997750794
0 0.16272995898153061 0.3220989094105021 0.037948996475193286 0.058370615258913794
0 0.19687069063272003 0.3302850346002393 0.03567739562102562 0.06050612932631416
0 0.22987563205146827 0.3086926502884465 0.02766002281955071 0.05860789962833235
0 0.19014232396853525 0.268231226030804 0.05077682354148105 0.0697600115497515
0 0.22000711666250963 0.26443476210910366 0.04128957697134339 0.056472385560931954
0 0.23160780095809425 0.2086871339596663 0.042895660886640014 0.058992126236103615
0 0.16306091854662788 0.16240903710775412 0.042037659610989486 0.08383497079403346
0 0.19989026900461182 0.12247256101454262 0.0384306666464361 0.09040175321387128
0 0.12967797254345387 0.03963647751168553 0.032069577860362006 0.0680990481182418
0 0.1894743608758795 0.06573716075048776 0.03220319394395815 0.06525170809700556
0 0.23597903052549443 0.02193555591493771 0.015335008372664882 0.033319054527297776