0 0.19684556660704475 0.6095984381809354 0.05926444861698804 0.11077657667180285
0 0.25749632352768814 0.7120667809929997 0.06273020615531058 0.106468617471415
0 0.3750176315390931 0.3718503371188808 0.06616478093589562 0.11749087476663594
0 0.42485603469462496 0.4977334352423727 0.07475763204916636 0.11799950494707057
0 0.4936758658524403 0.5579914814691558 0.03437131704230373 0.07018935451262365
0 0.7311243854568937 0.48220731138529493 0.07447118692499122 0.1210512084206492
0 0.7564066980179462 0.35800635959145277 0.04095224051026225 0.06431323366962666
0 0.7446237269735376 0.2617724267453654 0.04876396691836804 0.0693574123179311
0 0.9108819278617344 0.07202450190426182 0.07132050908601384 0.13403290710249527
0 0.9664023859666613 0.5271758846564671 0.06719522806667744 0.13703342640809335
0 0.40263273628842183 0.044913699066831 0.042846088477427324 0.0752218147809145