0 0.11425098465522998 0.4256287620046175 0.04213583158963689 0.09121550910391601
0 0.13886968271825564 0.41112675039511737 0.03692803806445516 0.09247654173974063
0 0.1677493068610133 0.4590464194927565 0.04213584964980349 0.0865916719950528
0 0.14017163109955108 0.4712365085390745 0.04142568777811208 0.08743237110893715
0 0.41488508651974254 0.5276404154561144 0.03736644337597539 0.06392099807465473
0 0.4596857054322291 0.5564743388938702 0.037366458301805905 0.06461578087266406
0 0.7191490047798889 0.7956582415635634 0.028954096078265712 0.06044703107607863
0 0.44142084000324067 0.28164739335837546 0.04382341611732027 0.07171520624941308
0 0.5141734654466558 0.3312377009187003 0.06158196488682238 0.1342753020780904
0 0.5912359584127693 0.3108369071153033 0.04115595579042586 0.0683363324876603
0 0.2084608620758837 0.06035423756805198 0.05728580101766553 0.08406959068840149