0 0.10627899063093496 0.1544191651859751 0.04674316835894014 0.09896540855730775
0 0.22718189383100867 0.1392550851141121 0.056631123860276994 0.11013890278448417
0 0.3044878212702431 0.13047590890380167 0.05123763124035918 0.11173509449879121
0 0.56651901925176 0.09855158749117408 0.05213659239775048 0.10854271107017713
0 0.8047291867656649 0.07700267967127204 0.06651901078050626 0.10694648891046463
0 0.9161935807525436 0.054862548470526594 0.04674309977783275 0.10972509694105319
0 0.02437448709718706 0.6995269472175105 0.04874897419437412 0.09736915595218976
0 0.11481857297729228 0.6803723726371771 0.05483327012660183 0.13248592168424234
0 0.31976923510094396 0.6636120856283043 0.054833270126601885 0.10535023630534657
0 0.4240423513153374 0.6468518595102425 0.047641992354116425 0.0973692168430007
0 0.5449452545154113 0.5989653165004902 0.06651901078050626 0.12610103304539266
0 0.7157374500914184 0.531126163944062 0.05213659239775037 0.10215785287673279
0 0.8200105663058119 0.5510788343815488 0.11146432540577134 0.1867572924420337
0 0.9567484515118462 0.5606561673398236 0.08650309697630765 0.17079513173571992