0 0.20013666950498216 0.6940586800608827 0.045316973541566025 0.06595966397080844
0 0.3862334907302066 0.4895837469129913 0.09063400376201003 0.09498192618261025
0 0.4148352113039955 0.5852252596706635 0.04085957652875066 0.07519402699136768
0 0.41706390981040314 0.673611169132963 0.043831193430253546 0.0567253009502493
0 0.4337791627781803 0.8576386668377798 0.028230275545960748 0.05540607747689519
0 0.5590806921688516 0.7040901006017316 0.026389890423804574 0.030863954530416127
0 0.5870051069186244 0.6938891948515644 0.028765798144729238 0.040002676163656825
0 0.571929053694432 0.7492774714491574 0.02010137785729138 0.048618618041049055
0 0.569676306006196 0.8037426357320974 0.02530001416477512 0.04061811567558149
0 0.6324065253823226 0.7831258933532697 0.03361789042833874 0.03877182061642459
0 0.637778460143375 0.7009665731640705 0.03327129352120117 0.035694670010035345
0 0.6743422127493299 0.6951200386604882 0.036390454152385954 0.05231116120612911
0 0.7013751056832662 0.6923506195483697 0.020448001206060495 0.034463814462803
0 0.9637226256566152 0.718448895276774 0.026893018058106954 0.05316114634109936
0 0.9791988475560355 0.7761151678755108 0.028415360780104315 0.05856731159897599
0 0.9726427362484604 0.13010022863089316 0.03561034203266111 0.049061146746617684
0 0.8176150122725463 0.1737101368501088 0.041136091222870985 0.0643246312592029
0 0.8955893689737799 0.3219838289544071 0.039908167777169656 0.07740761204289759
0 0.916771376308066 0.4380952262239286 0.046661840413080635 0.078497843112518