0 0.039866745111097356 0.4116165160775269 0.033140559252572976 0.08491028980228582
0 0.12708690851045246 0.23962118212543423 0.044708277532686275 0.0670813808196829
0 0.28182628763555734 0.3835569168743495 0.07074764069035858 0.09918065392516473
0 0.5282256617275434 0.4732451583480416 0.05325802312998784 0.13329432482512843
0 0.5724675702633162 0.4453203802603194 0.0637419204642995 0.09233799120488723
0 0.5772901547186028 0.32058963425885023 0.07003223966835548 0.08712534342596862
0 0.5647095163104905 0.2688356944014893 0.0322903244440188 0.07297679904246615
0 0.5863571316204647 0.21582444414176533 0.06723570153178238 0.08923668676339669
0 0.5832379445476481 0.1441273667582698 0.06099732738614927 0.09600636879655745
0 0.7361715739075914 0.03675307329849632 0.07503966720828481 0.07350614659699264
0 0.8915203686275153 0.13599838796862426 0.0387507235606982 0.08114939878911599
0 0.8834457711101343 0.31742712298673215 0.053604224466594186 0.07955384956824757
0 0.6640171144007219 0.6541601764204529 0.058149579467517976 0.09711366317921444
0 0.7494778654522203 0.884002745249628 0.05658915716863977 0.09187394524714765