0 0.19386913794716026 0.028440184031357865 0.050322553632448835 0.05688036806271573
0 0.16494969559062145 0.45879160500971594 0.0882904967946047 0.16128537953666083
0 0.16444228672943703 0.6727875512367436 0.08423114847949992 0.16218640135101026
0 0.3472506435757984 0.1717370810004532 0.06374188847008139 0.09233796279831952
0 0.33970224773324387 0.2916275254104961 0.0629031920405611 0.09829530295222255
0 0.3498166726761378 0.5377871560998773 0.08981272337815799 0.16308742316535996
0 0.346518457009217 0.7522336132340797 0.09234980639689488 0.17029573516727237
0 0.7458360174793374 0.3157876465873882 0.065419345317558 0.0886146571595186
0 0.7041102302263433 0.4345611021464476 0.05829029768976335 0.09978457407592106
0 0.7426394497729034 0.7410472818929472 0.05497368433585159 0.09518670106184035
0 0.9011070030320145 0.48128491191825 0.05413482871216735 0.09002548529765664
0 0.9097131223271165 0.21806566574871145 0.06699126231667085 0.09037480999003164