0 0.04652531673416989 0.5250110306746691 0.061310012493555895 0.07650334676844761
0 0.10842712928245477 0.5094581531903144 0.0530248839680168 0.11349394742934182
0 0.16038677947301777 0.4861288449812834 0.05988971584042299 0.11727708542432075
0 0.35064782688628426 0.5364312577150621 0.04926554568622399 0.12308567093561568
0 0.3931823273555961 0.5552501378403543 0.0438234379700152 0.100706466857439
0 0.5252020679549577 0.6642243816896164 0.05675083800774433 0.10651637453998974
0 0.7135252637996068 0.4958633907405191 0.046170056392998204 0.0868491882165372
0 0.7673251211258577 0.49308421316601847 0.05282169302796769 0.12784199614930974
0 0.795301045442925 0.4065824296006184 0.057125660717905036 0.09240751686127369
0 0.8346238472671278 0.46529247717740896 0.05282167810213734 0.11811487795159037
0 0.4065557745712838 0.2337992738004342 0.057522515621507175 0.09878176104137082