0 0.3007649477668176 0.6274396644567599 0.03809488512963116 0.07476694852750654
0 0.3938539314230567 0.5997199404953057 0.07934044809823965 0.12410291189422773
0 0.4887257780219489 0.5772402700986138 0.07790830988814357 0.12613739381145161
0 0.5566091204394208 0.5752057881813898 0.025778487781727644 0.04781013103218945
0 0.3304689583360084 0.31300252372923776 0.04296414630287959 0.06764626181722239
0 0.379319898196835 0.2954532936516515 0.02781355255112483 0.048823579390812
0 0.44642604739732106 0.35925230826048127 0.04470825109105464 0.08862124725147219
0 0.5139865837379463 0.33986908047391906 0.04611484599455179 0.0905340960758339
0 0.5781463908471328 0.3083347368716205 0.02549204265755267 0.04374118659999898
0 0.6102262780122051 0.29790806070092674 0.027210625991823667 0.04323257582182172
0 0.760036101323993 0.2948020371443616 0.061868388158302645 0.10884437512407763