0 0.0728204470396876 0.17313282718152945 0.05442125198364746 0.11037021715973803
0 0.06838081531048583 0.2725677622429609 0.02320064555936343 0.05594805870108557
0 0.04070942928978162 0.3192012898996677 0.024059926300151534 0.051370464686202766
0 0.033262304041474046 0.37362347746170643 0.037808440005456086 0.07273246661028249
0 0.22312784566308905 0.4069667610175949 0.07103406396183881 0.16682687693787218
0 0.10369097673492311 0.03448554884735885 0.02520564123876727 0.04577566851722296
0 0.30641238975373974 0.04750652708126292 0.08118665659957874 0.09501305416252584
0 0.307934616337293 0.1508772659466742 0.052771373245103725 0.09370771230707327
0 0.30167230584953353 0.273003161134079 0.049219433791183376 0.10542116775251267
0 0.3757551416104936 0.4414968354867631 0.05327874339347344 0.10722324575299069
0 0.43503754643916737 0.4858233537000974 0.05371924184399862 0.0775436177562322
0 0.48529104396565925 0.5036707004434235 0.03569733966300581 0.06031168704821377
0 0.5703753888873131 0.5513661592165857 0.050600081212813675 0.08800585469278144
0 0.6884508218383315 0.6032025640674791 0.053372644936861 0.08492870408639241
0 0.7924235612088221 0.6222807428814205 0.08456448922339499 0.1107765531951862
0 0.6752839819310011 0.25421543303090766 0.0837237396183157 0.11623358419771329