0 0.10381172752195339 0.4855190605051103 0.03952701241337976 0.060525613911453224
0 0.15465262851718714 0.5536739525027674 0.03866773167259166 0.06256009582867739
0 0.20201425441984974 0.6468280449885424 0.05198636307483728 0.07692820172092452
0 0.22898122924574707 0.7297129141834271 0.04971082533373444 0.07734401381232814
0 0.18839319940376378 0.8231518333875358 0.05065770180926754 0.07734401381232836
0 0.24544228581758765 0.8233620201922582 0.05160456022463397 0.07860507050065568
0 0.3839268666913 0.5539090182871431 0.039127168964546044 0.07469028384332177
0 0.42452130449201647 0.5961177193076638 0.04753948641059469 0.09171273406326419
0 0.4686371934698743 0.6219987694714166 0.04695260275745511 0.08928095451383444
0 0.6275379439091686 0.7782120357311305 0.034560837845539316 0.05338417725913347
0 0.5999602681477065 0.7483673214157468 0.036691323460613545 0.07524229008011996
0 0.5652810459099964 0.7088546073781974 0.04544989022391921 0.10130385036552292
0 0.45472794386681226 0.396762227569097 0.046870232027468706 0.06767603012516432
0 0.48467279275694053 0.42282380388950186 0.03763821799631323 0.07019811143181565
0 0.43827727281208273 0.22267930691138116 0.034875668535520765 0.08352218817446178
0 0.5630191365690724 0.3575459924636928 0.03783389611698207 0.08010260994222312
0 0.03744424274383267 0.021764518088572327 0.017990580794461086 0.040773754690875116