0 0.060463428832410376 0.08775274344980122 0.038381308401111404 0.08239619751032402
0 0.09000425646947399 0.056153672493559 0.040386304080515245 0.06968074373444644
0 0.1220387538918081 0.029345473224272684 0.03345372647952076 0.05869094644854537
0 0.09758298474011878 0.2780570209679747 0.03690321879481634 0.06701952990498222
0 0.13888942377835267 0.24231329251680042 0.049903205417688806 0.08042339611678401
0 0.17684101311006942 0.1868360328173548 0.051161250061969255 0.07372143460431546
0 0.2663498599495181 0.08333236024639484 0.05822473722047031 0.08554414359831675
0 0.3006608516464212 0.05563822194759837 0.045054821556560654 0.07200479127030367
0 0.33187070839184424 0.026382515330719607 0.03053663539973217 0.05276503066143921
0 0.0431992417194915 0.6022424742979449 0.04609458583634167 0.08985210279870448
0 0.09969108694998485 0.6047041853924096 0.04817403507100883 0.0984680681527137
0 0.15237060417664977 0.6262440753008156 0.05025348430567597 0.09477552498763364
0 0.1244712586373169 0.7139421867610178 0.047134297232859446 0.09046754231062915
0 0.33584793434660143 0.6291194700356586 0.048406275871783366 0.09460305991028195
0 0.39155811290460485 0.6334427198569379 0.04697411580899252 0.09307718877123528
0 0.5508208203918106 0.6235539547410247 0.05384840544068714 0.09155133703444607
0 0.6499247910862614 0.6553426231346695 0.04869272099595845 0.09104270685401128
0 0.9431365755112457 0.685421475401262 0.04832204770088222 0.0917127208111318