0 0.3013516065518469 0.7634726547686814 0.03337728288649788 0.04707897399250505
0 0.33958160202768084 0.7443468180765695 0.03503430317355566 0.04834001464583093
0 0.4858307080862062 0.5391952748187836 0.028765798144729182 0.06092712656013832
0 0.5312321265499043 0.6265856899996403 0.03985621169070852 0.08677497566893222
0 0.806033542638072 0.3867482603179272 0.08040556431242907 0.12923933945043659
0 0.8075931361744804 0.49044744693891545 0.052332933540343074 0.0953909644995582
0 0.3343969056851387 0.12140844339348697 0.02835634093043954 0.06510316912182111
0 0.38223031316126665 0.08021034948888936 0.03236631043655236 0.05493079834021604
0 0.43077980066879007 0.08249913679520199 0.029215610744880105 0.0574738910356173
0 0.47016360144642966 0.030365731688911504 0.03523060870943906 0.0478101407333182
0 0.900724340034204 0.036380080727989324 0.03029992079589061 0.05716730723661127
0 0.9758823826045764 0.06349251490574775 0.023908554251500846 0.05506559152190406
0 0.95750859001104 0.7890920686083822 0.04554199945159132 0.0788358735574396