0 0.1711159796139859 0.169215944600841 0.08733709260988967 0.14093243193421817
0 0.2360989400679403 0.18213986915523792 0.04748086769836532 0.09908348418802132
0 0.2887784440737894 0.2138342879825394 0.04956034337466414 0.09477552498763367
0 0.15184699877998475 0.4275359238698888 0.04822578056443022 0.1124438189291575
0 0.22187923844834023 0.4230679400593872 0.048225780564430165 0.11542247480282525
0 0.2910727336958485 0.4159936962742037 0.04990320541768872 0.11467773981798907
0 0.4562572421526009 0.4314751882019138 0.06134389785165534 0.09416008547570903
0 0.43840859876272953 0.4997874128305205 0.06376994399345998 0.09046751883401205
0 0.5338902295201665 0.4502456707365099 0.09184260120717735 0.18093508462125812
0 0.6262913979391929 0.30451216163407185 0.08872338769272925 0.14893295777630286
0 0.7139750610145885 0.2971270400889865 0.0644631113661035 0.09231381389316912
0 0.8075505013284798 0.2912805055854042 0.0921891452310516 0.14585583064653046
0 0.6200530370143755 0.4891397776821016 0.05267950400584909 0.092313813893169
0 0.7191736973220723 0.47098474639773846 0.07901928245040524 0.12739304439127985
0 0.804604612709232 0.45559908727226006 0.08629736799255605 0.16062602678346755
0 0.8780786751658318 0.47621585312770465 0.0488672024436525 0.11200740874241832
0 0.9331842253134855 0.4543682552016447 0.048174061512640476 0.10893032856587975