0 0.15081075825333473 0.9397828804247048 0.05642747016180631 0.09101264005045329
0 0.0699900506300891 0.7833623610550247 0.03864230648023389 0.04909514096315015
0 0.06855123183536516 0.7115839973699379 0.030599714286341825 0.05148954052376853
0 0.16107005354953627 0.5412836861427134 0.04783341840247546 0.08849963356086737
0 0.2775028889377053 0.6455504963552945 0.056139813465223704 0.0884996529631249
0 0.3319241409213528 0.514581212841 0.050411260624839804 0.0869737624218207
0 0.21047882179784783 0.43752550611056706 0.049265556612571426 0.08544791068503149
0 0.23525598491276267 0.3353127169861143 0.03247555471832239 0.050719926130491866
0 0.38305886045229487 0.40044959820941783 0.05653876213893522 0.08511220471724906
0 0.47297949981128706 0.3123890876884027 0.059889715840423074 0.09920211059831302
0 0.6414479141510618 0.34115150991352255 0.04756986422624854 0.09111510696638936
0 0.7763098388939804 0.5344303357529678 0.050474053934596586 0.09866066806041673
0 0.836956412908645 0.611484625703904 0.045778790673684844 0.0889335631148298
0 0.9862557416767553 0.5516371897889487 0.027488516646489325 0.0874323711089372
0 0.9390189177538616 0.4560604647156902 0.055169302269677756 0.10769297032979569
0 0.9222326084244441 0.2700329866152299 0.03019884564626807 0.0498285770922588
0 0.8170743115183523 0.30212376723779233 0.046241423104997126 0.08067681340668614
0 0.44584747830561977 0.871897467361532 0.04267772303139944 0.06510316912182113
0 0.622559037175034 0.6768651851533053 0.030074902412015825 0.06256007642642003
0 0.05174832048935543 0.3395300771935441 0.05561905363082598 0.08670604835360785