0 0.17081666346543495 0.1689051935398938 0.08521855771497341 0.13997585727168702
0 0.23508564462734413 0.17983424594163663 0.04852723425435984 0.09541898863833598
0 0.2891757623728147 0.2126213831031128 0.05018427260158437 0.09794106994498719
0 0.18344245116125102 0.4444411002200135 0.08214121368453273 0.16267466118905705
0 0.29245118776563783 0.418169353129888 0.047343625114818655 0.11433464654322628
0 0.45505671094793754 0.42785146802853985 0.06416854814635714 0.08719657298947547
0 0.43823203874126415 0.49941519283745556 0.06455982879150096 0.08928095451383433
0 0.5382009824871273 0.43218294872072877 0.08936541556891164 0.1851371559861158
0 0.6198328604625984 0.4863508211925502 0.0515569755634554 0.09816337416203769
0 0.7202257577314051 0.46854917232474125 0.07762190846935824 0.12969770806320752
0 0.8012218863579713 0.4503773776809258 0.08283158401260216 0.1630877613545489
0 0.8786815620511524 0.47160955957167805 0.0526795040058492 0.11323831124288447
0 0.9356932894215362 0.4509928054545419 0.049560343374664306 0.11631541489603986
0 0.8714461291973773 0.2868306779431431 0.06514672737047089 0.0906705333619855
0 0.6848708713737128 0.2966074343946741 0.06532005817032127 0.0884286806514542