0 0.07393080298580854 0.4056445320170393 0.06533423299952962 0.08785271264837835
0 0.05854411895393834 0.4699577737041669 0.0610732978897143 0.08533064737672896
0 0.14837868819953115 0.3638199114513097 0.04900066346204304 0.11181255721907402
0 0.2427108936136559 0.4680662127241784 0.04592335555193561 0.07986612718898323
0 0.2623292375011028 0.28134453531660747 0.10626467267127798 0.15970624843436051
0 0.36358140458435007 0.2693919977079957 0.06702409445572594 0.09816339356429513
0 0.33505247574951325 0.4447850895045248 0.0790540248267595 0.12562879273440325
0 0.4189757726758685 0.4333411723752191 0.07733546334518321 0.14648214507579066
0 0.4965976811452269 0.4483454183079737 0.05155697556345562 0.11138746781947884
0 0.5517350022339225 0.4234231069827026 0.051270530439280315 0.11647364350915262
0 0.4675793322476204 0.2654939045610802 0.09773437844567295 0.1421632874814506
0 0.6241098969197876 0.1288880044142428 0.08976312553087873 0.15508721203584744
0 0.6833743587575914 0.23474118237373343 0.0488672024436525 0.0873904151808568
0 0.7822503986644265 0.389200857291747 0.10425966606552683 0.16224930232524698
0 0.9212973108761526 0.1807980624255206 0.035246965684935794 0.06861835446507208