0 0.07497070277023474 0.4062664320935061 0.05822473722047032 0.08923668676339663
0 0.05937478723737565 0.5238126907984698 0.06307678984163233 0.0953909175463244
0 0.09514800036725954 0.6312420520017228 0.06201107085345482 0.09376128603545386
0 0.13075834239992074 0.7397217486046009 0.05464343649469314 0.08612958536881088
0 0.17124278199368498 0.8452873471382147 0.057946331203233975 0.12532336154453627
0 0.2529619350511862 0.8525429001103576 0.06388956500623988 0.11345060190049883
0 0.34619605400799297 0.7430498428218466 0.08840527691616329 0.17413352294758044
0 0.4249435901639913 0.6150880846538321 0.058689221258890034 0.10289706572981538
0 0.5140918138146888 0.5662779232507877 0.057203441147577805 0.11345065222372852
0 0.3574063051161006 0.09931060664558142 0.08902580823937611 0.14718344023985291
0 0.24474261922989726 0.20997076538770093 0.09086774025020494 0.17880064033464402
0 0.1612425601807309 0.3255370263275875 0.05402947477184242 0.11338573641617117
0 0.7198943531343253 0.47874137116327553 0.05525739821754394 0.10139302829174662
0 0.814217627819711 0.6276774927583466 0.05577417640698479 0.08414670175558481