0 0.07632620514091323 0.5130362694828512 0.09516551915243653 0.17552990553613274
0 0.10027106364916581 0.316791661701556 0.08656991450569654 0.1515444476976342
0 0.2160046284130378 0.17342407179502467 0.05894126223920157 0.11556624014506178
0 0.33781141972135736 0.0899021141584976 0.05771329195122332 0.10357351122581257
0 0.6245359240455068 0.34065907602157547 0.10437508552202723 0.17116893966800084
0 0.8735012203070174 0.10516556747884577 0.06446696458713419 0.1013930282917466
0 0.9121813709539319 0.2730637099638612 0.059555177119775204 0.09921252456285598
0 0.9609921008181286 0.5870550408242843 0.06262512626085914 0.09049050964729322
0 0.8954414483355815 0.6368630073045798 0.04718975963363092 0.09550975593577238
0 0.8335366381635285 0.6783106638284608 0.05733809170857851 0.1063222239386411
0 0.763766816435451 0.7247139747030438 0.057845461856948055 0.1072232457529908
0 0.7021157106939903 0.6792116856428104 0.05530841755102589 0.09190559993481617