0 0.054217668621371215 0.3947618732578071 0.08118665659957866 0.1270460350146922
0 0.11510766107105522 0.5213573629935455 0.07712730828447385 0.14236361208930892
0 0.23308202144231796 0.5245110080873271 0.0857533750630533 0.1594833015361828
0 0.43960056368237044 0.47044885711776746 0.07763475585847313 0.13605635627352497
0 0.4866426945302872 0.3277124379321277 0.08177418164694733 0.1385069868073308
0 0.47967068201414353 0.16471533876113625 0.047134323674491 0.07938988933877222
0 0.709003233024917 0.06262438910693442 0.08191832309964642 0.12524877821386884
0 0.7152943787794522 0.20637373981142818 0.08335043945704745 0.1322408395631241
0 0.7002812008296024 0.3289963199602157 0.05406581230950458 0.07631276220900002
0 0.7207291755940315 0.4163867351410726 0.04990691384017021 0.0787744733034646
0 0.7165525086786511 0.5123436451986917 0.04956034337466442 0.07262021904391996
0 0.8276262580201968 0.6520714271906844 0.04239127790722441 0.0859565602677238
0 0.8804721710843557 0.6528343433579502 0.044969152908631016 0.08849961415861007
0 0.9300241509684075 0.6449507598826578 0.04726056093316766 0.08697378182407833
0 0.9638816853335177 0.407404680661955 0.05419113797139474 0.07469030372152058