0 0.030811725552738735 0.8351965003915442 0.044396295439323 0.09104272625626875
0 0.07921799596134832 0.8318904721266196 0.04267772303139935 0.08443066972641944
0 0.2667581019083849 0.4727199041247991 0.04869269914326352 0.0773100024183927
0 0.2777855508292376 0.5617281581649725 0.048979122414743725 0.07731002182065028
0 0.2884283313086663 0.6559434040591682 0.047106928571143736 0.07692367227288699
0 0.25185824288772357 0.04384008802000688 0.04609455939471008 0.07877446156515609
0 0.26312195488727164 0.1989272824483918 0.08179187261608431 0.14031699242229378
0 0.2825301918135512 0.34693710443342474 0.04990691384017015 0.07815905726815686
0 0.5611446281263911 0.5770833582487593 0.0665425606007708 0.1255467962853567
0 0.6826194272004311 0.5721599360598302 0.08352472494361396 0.16370315391323997
0 0.7853791435000193 0.5530817572458886 0.07971242338141693 0.16370315391323997
0 0.9213788222397039 0.22224072969613187 0.07183464578817322 0.12428825506062474
0 0.8879173696581586 0.5155173791062179 0.07613242469040504 0.1395517395732102