0 0.5020862231019523 0.20965142837732698 0.028642764201919746 0.05442218756203873
0 0.5212768882288554 0.2063454098135311 0.014894228643920204 0.0305171123448153
0 0.5437614537568234 0.2020221502911232 0.0295020558690553 0.05442218756203879
0 0.577989559163387 0.18778083507732754 0.02692420272034357 0.04628429869765771
0 0.5981826948141235 0.25669864324225056 0.046114845994551734 0.07527553990342617
0 0.554788924530371 0.2597503564169579 0.03036132568349592 0.057982521216052074
0 0.5241411537227 0.25746157881177395 0.03265275556072744 0.057473891035617314
0 0.5231386613461717 0.32409059967038434 0.04668769253751215 0.07374966876437944
0 0.570828868112907 0.31875010889049316 0.04525555432741635 0.06612042948269059
0 0.532462219125621 0.39383279861972 0.04362679936580105 0.06808974787124028
0 0.43474741584260546 0.5474063680020929 0.04468272963715059 0.07883587355743948
0 0.3846167412322207 0.6685780806617145 0.039527001487032254 0.06713763163678754
0 0.38733780601667256 0.757077714222582 0.03981342475851257 0.07629278086203828
0 0.39335278212853675 0.7046899988766384 0.044396284512975503 0.07120657606897829
0 0.4135459287056207 0.6550996913163136 0.038381308401111425 0.07374966876437938
0 0.42485983367699587 0.6950262485743393 0.04038629315416781 0.07425829894481417
0 0.4144052203727562 0.7441079453564869 0.03551703198091938 0.07680139164021549
0 0.43889478158012807 0.6352635702324094 0.03866773167259163 0.07273246661028254
0 0.4367465742649841 0.7339355551726243 0.03723559346249555 0.07374968816663696
0 0.464243623528288 0.6805306182703263 0.03952702333972724 0.07680141104247284
0 0.4695425414614516 0.7512286126645136 0.038094863276936286 0.07069798469305844
0 0.4825749969880556 0.6317032462795249 0.04067271642564818 0.07273244720802496
0 0.501908851898004 0.6782418309640137 0.03752201673397587 0.06306868720459713
0 0.5100720571777071 0.7441079453564869 0.033798492352038134 0.06662902085861044
0 0.5255391432909352 0.6266170511875935 0.0383813302538063 0.07374968816663696
0 0.5444433632936633 0.7018926104932772 0.03838128654841655 0.08799102278269011
0 0.5554708231408634 0.609578337889308 0.03924057821555205 0.08646515164364332
0 0.5806764862323255 0.7329183336162697 0.03293917883220765 0.07374968816663696
0 0.607314243828494 0.7357157511030172 0.02835636278313436 0.08137896625284069