0 0.6598147510934371 0.2305475983926444 0.030063206192049052 0.06935741231793119
0 0.70431778290199 0.2660669956479934 0.03337728288649788 0.06221149390241665
0 0.7382868432680085 0.29359979942644643 0.027932756697307992 0.051702795066366436
0 0.5624148981873865 0.4960731470822258 0.027389018275182142 0.05593087662835605
0 0.6757690764119697 0.5615172412173483 0.04245297235620038 0.07086894532393972
0 0.5144756047092669 0.7125553661278476 0.03795335688077589 0.05037252147935478
0 0.5028352704497313 0.7724812902272207 0.029932290228209923 0.04863552472793431
0 0.4804069638095835 0.8272997965639156 0.04090588140179974 0.07034100866737703
0 0.6239544194653526 0.8094671415289248 0.04365449267295063 0.0755089274653753
0 0.6105162578271206 0.8965522879926696 0.04289565392349404 0.07568495916106022
0 0.1567615840306385 0.9723119840551965 0.04329392526903353 0.05537603188960705
0 0.23392899349170526 0.9630581063574957 0.053582909119318706 0.07388378728500866