0 0.23635281988708984 0.9490507653499392 0.10778508059513439 0.1018984693001217
0 0.14624312389070535 0.8322510054274277 0.10570560491883561 0.1710882871966335
0 0.5584983700965576 0.923790699857503 0.09912068674932806 0.148317518264378
0 0.4635729178059419 0.6770785601967915 0.10085353907685785 0.15816433916561956
0 0.5557620762578094 0.7247740189699537 0.07520692800494522 0.11816166300196285
0 0.6739444030262797 0.7521604551202505 0.0862973415509245 0.1593951947128519
0 0.764171020578617 0.875015749127994 0.07676259494952797 0.11443919069531494
0 0.8470918251284443 0.867132146250444 0.06559191254024033 0.08341342876780733
0 0.8473782483999244 0.782701466822896 0.05528054365078294 0.08646515164364321
0 0.7623092365349533 0.7608308735228966 0.06444619760162451 0.11393056051488004
0 0.7904230570573874 0.6244754674943154 0.08592871958666481 0.14964386501135374
0 0.7868654879991598 0.31886178023922046 0.08379825203175728 0.13198926379479103
0 0.7891685918184619 0.19803416212402764 0.08166778447684964 0.12736544272092967