0 0.305684012803358 0.22752558269996537 0.06550282276262126 0.159395194712852
0 0.4786253060331604 0.23614153631566612 0.058571334127607844 0.11139201618372746
0 0.6558210048527096 0.059225703359127746 0.0592776669516194 0.08372259936483314
0 0.6497972758600185 0.3079885261080001 0.08220147432194769 0.12163980101325786
0 0.6543640330363076 0.4449459385676538 0.08626082263705237 0.12884811301517052
0 0.48793139087845266 0.4589120001066356 0.06393448432960536 0.17299883498210034
0 0.3052614135294005 0.4512531771975482 0.06799383264471015 0.19372261168637256
0 0.7739995138341889 0.4922589122526755 0.019759217341929536 0.05071991287835931
0 0.7743907870164175 0.5480160733033307 0.020541763706386607 0.05315169242778928
0 0.8284841010950684 0.49538548122618076 0.019172318762959772 0.04794074192992487
0 0.8271146561516415 0.5459317050311041 0.020346145772560442 0.04828814658106195
0 0.8819905016689191 0.5443684106052522 0.025237012041467888 0.05627826802736069
0 0.8804254238658356 0.4898271327032457 0.020933029425699856 0.04724594587978326
0 0.8802297910061789 0.4368491359749588 0.019367936696785937 0.04828814658106201
0 0.8292970408919935 0.38022561554514656 0.02111246771620412 0.05006585241020406
0 0.871738765203345 0.29636302468546993 0.02037208177816152 0.03273010127691961
0 0.9361956193174563 0.38247976727151956 0.0213797253700031 0.05030312772814932
0 0.965125043355723 0.38236112961254687 0.015901155005960343 0.03535456546223947
0 0.9645237429442732 0.4376471340580158 0.018172766054770473 0.05101496273345846
0 0.9356611243991437 0.437647120480806 0.019508988058587806 0.04579482427540332
0 0.9345762803467403 0.49134284601965716 0.018593580212553085 0.04191749908730302
0 0.9650535810976162 0.49134284601965716 0.0194019967435336 0.04765962134976415
0 0.9652152681044495 0.5454623439624608 0.020695455791828077 0.05139198767768893