0 0.20311653604936342 0.15712829228191277 0.04410983938880045 0.08900825404017335
0 0.21822653523548868 0.338093579720339 0.07862250559504444 0.19052613302748378
0 0.21212792655784507 0.5936733447749238 0.07613242469040463 0.1897031173894479
0 0.43162259169975514 0.10578751736727293 0.09025377852735428 0.16026642102354755
0 0.44874250998619836 0.2490314808410627 0.03694917019101546 0.07018935451262368
0 0.42905528686889 0.40165364727427866 0.08434364284863738 0.1404519378457837
0 0.437975743054406 0.5330190430881276 0.0518412928886422 0.09499863106389284
0 0.5377590066375008 0.4981535696576934 0.02248823050811799 0.04876037222027402
0 0.5345633233653058 0.5584734945626209 0.02225151590427632 0.05170279506636655
0 0.5355101908107556 0.6221562079055847 0.02083121022106027 0.06137079478853236
0 0.5349233262665196 0.6845693087218141 0.028159591250080274 0.05841118009061608
0 0.6018633396844623 0.498133540948611 0.020121048349368786 0.050441754413040996
0 0.603638717273441 0.5592941890199257 0.025092127270708864 0.06010978620521057
0 0.5997328630994713 0.6231870731326102 0.02154135403258506 0.05842837194243988
0 0.598656346063017 0.6860423002615977 0.020150497987073468 0.05593087662835616
0 0.6629227181021179 0.6851738018858875 0.021911208649813663 0.06183662317636218
0 0.6640965301858882 0.6273322526848072 0.021519942930500413 0.05315169242778928
0 0.6668354499244029 0.5642797463597962 0.026606486836555754 0.05488867592707736
0 0.7285585500104762 0.6243793727847379 0.022106856435300637 0.05488867592707747
0 0.7291454635152765 0.5613268763988264 0.022106856435300748 0.055236073952148246
0 0.6674020299502695 0.4984636420656604 0.02035774489304365 0.05590627460078673
0 0.7297772762212793 0.5026671216000805 0.020594513677385184 0.047499315531946584
0 0.7665435953136905 0.502137430231822 0.020737411491873803 0.052456896377647555
0 0.6563336107094544 0.4082801379695722 0.02698588022177506 0.05128245352692534
0 0.8434778000196107 0.6877452085464117 0.02248823050811799 0.05632658407022417
0 0.9188176262451173 0.5753908525822438 0.01799849175335899 0.045856353779499925
0 0.9236107133987725 0.5279711977508258 0.018585405258159438 0.036476653485050026
0 0.9164700020775769 0.636532666456332 0.01917231876295966 0.04655116308177398
0 0.905237473018146 0.501325608811779 0.08521855771497355 0.12778580029537312