0 0.3578812677668314 0.6490127183045133 0.045974423533341635 0.06878457042564678
0 0.397497518880519 0.6893107169350117 0.04030098104831631 0.07434288581825088
0 0.3695215945634516 0.7242240826202759 0.045778775747854494 0.07746946141782252
0 0.27977392632246467 0.6070105712834367 0.060842759680533376 0.07816427072009668
0 0.30919247549500595 0.5045803154652605 0.05444518965123302 0.10550732989994299
0 0.3243424358929512 0.4089511560572039 0.06817483533587876 0.10172419190496412
0 0.34690778542607825 0.30741793455014876 0.05278816936417513 0.1088701263554806
0 0.3676206293151343 0.21199894591181281 0.05160457828480053 0.0903748099900315
0 0.43154933933910067 0.5367907674675492 0.03314055022248963 0.05884869744687915
0 0.5295586890700849 0.27016883426624533 0.061397401310868516 0.10091598993720663
0 0.5781310118487994 0.061639281804550736 0.07357540754336811 0.1081242675673402