0 0.2543062603739953 0.7816323308445714 0.02772606030657984 0.068927628925606
0 0.3149570040738229 0.8671764744428881 0.027032892933936348 0.04184894774619696
0 0.3721420034561439 0.7773243599058752 0.052679530447480694 0.0935446694404014
0 0.431579737305885 0.8376360586923974 0.049560343374664195 0.11200745569565218
0 0.4879156020800298 0.7788205448586207 0.04024209669873752 0.09415793195000843
0 0.5475685852564445 0.8635206558736849 0.02793275669730788 0.050862095952482145
0 0.6044993414585975 0.7947937879349194 0.024855412666867194 0.0420348274142045
0 0.27726734970101186 0.3794671362218275 0.04886717600202062 0.10339146686502587
0 0.3484886644693757 0.381928847316292 0.05198636307483717 0.10339146686502587
0 0.41901683830672765 0.38162112756032973 0.052332933540343074 0.10769944954203042
0 0.7379906981315452 0.837155384335272 0.04811983074760828 0.10172372721830847
0 0.795276237461732 0.7779013070703906 0.04239129975991918 0.08900824433904453
0 0.9122819248560351 0.7768840758129074 0.05470769710782264 0.10324955955284021
0 0.9707511654136146 0.8429960022128478 0.04554197759889633 0.1052840414700642
0 0.9859663913497587 0.5621600971765957 0.028067217300482672 0.07895419206106835
0 0.499378047203418 0.04814542639210923 0.027971204570653163 0.053688845344456546
0 0.5912954104369876 0.09966385048577056 0.05885272592247681 0.08900290602037525
0 0.8216597060529084 0.10891371123531857 0.05888638630647569 0.09171272081113187