0 0.23890716200501033 0.04992777877233421 0.06616478093589559 0.0884996238597386
0 0.2729920557758338 0.10969046196482854 0.07704904007370303 0.08697378182407807
0 0.23976644274579845 0.1704703812653705 0.06788334241747182 0.09053409607583388
0 0.24363321154251866 0.28770696034404647 0.048692699143263546 0.07476690972299149
0 0.27595831507177393 0.32284184467735977 0.07208776737376027 0.08739042691916521
0 0.239048005221129 0.37853783516176076 0.048174035071008814 0.07692817824430748
0 0.27942408583091227 0.4210021989432653 0.07486035753943932 0.08677497566893216
0 0.23523566399648482 0.4628511349511537 0.06758227199728839 0.0880058312161644
0 0.24683083574693632 0.659987586221054 0.042257354422374105 0.07399549441924635
0 0.2341080461474746 0.7439604053425267 0.06592928866075845 0.08893354986269753
0 0.2342429075756503 0.8388080835985168 0.06370322510836021 0.08641893566914738
0 0.2386372218547949 0.9458502120193553 0.06440638788791633 0.08874231758104367
0 0.5017897829321835 0.893351361672708 0.10168183476951004 0.15970620962984583
0 0.5249905201280995 0.7257779647795519 0.06699126231667091 0.10887012635548077
0 0.6268977012261554 0.6459118456080696 0.08332480476390747 0.12316194715150797
0 0.49717612073271233 0.6072398306844045 0.06296704181069718 0.09794106994498741
0 0.5648504011720545 0.5135111158225386 0.09781840024864874 0.1613536322894868
0 0.6294428893986763 0.5320294540952496 0.07696126361771594 0.11283271121914279
0 0.49455651955447305 0.4171650804349423 0.07922482003609577 0.1254653626729908
0 0.567606487768454 0.3299678718618383 0.06847256061378615 0.11498830235201901
0 0.49326485927290115 0.29314383029081675 0.07942816493869287 0.13305294002110787
0 0.4764452960886372 0.10065522302194005 0.06458061689381978 0.11765645250479244
0 0.5699613717228499 0.22203498116553333 0.06458058489960194 0.11318849710085857